0, 0, -10.3132, 0, 0, 0, 0, 
0.000250476, -0.0122918, -10.3407, -0.0026172, 0.0243008, 0.0315564, 0, 
0.000725014, -0.035548, -10.393, -0.00756866, 0.0702745, 0.0912577, 0, 
0.00140258, -0.0685878, -10.4678, -0.0146022, 0.135578, 0.176061, 0, 
0.0022641, -0.110358, -10.5629, -0.0234929, 0.21812, 0.283252, 0, 
0.00329275, -0.159918, -10.6765, -0.0340402, 0.316035, 0.41041, 0, 
0.00447335, -0.216432, -10.8069, -0.0460651, 0.427661, 0.555375, 0, 
0.00579205, -0.27915, -10.9526, -0.059408, 0.551513, 0.716223, 0, 
0.00723605, -0.347406, -11.1121, -0.0739263, 0.686269, 0.891235, 0, 
0.00879347, -0.420604, -11.2842, -0.0894929, 0.830748, 1.07888, 0, 
0.0104533, -0.498212, -11.4677, -0.105994, 0.983899, 1.27779, 0, 
0.0122052, -0.579754, -11.6614, -0.123329, 1.14478, 1.48675, 0, 
0.0140399, -0.664806, -11.8643, -0.141407, 1.31256, 1.70467, 0, 
0.0159485, -0.752991, -12.0756, -0.160147, 1.48649, 1.93058, 0, 
0.017923, -0.843969, -12.2944, -0.179478, 1.6659, 2.16361, 0, 
0.0199563, -0.937438, -12.5198, -0.199335, 1.85021, 2.40301, 0, 
0.0220417, -1.03313, -12.7513, -0.219662, 2.03887, 2.64807, 0, 
0.0241732, -1.1308, -12.9882, -0.240407, 2.23143, 2.89819, 0, 
0.0263455, -1.23024, -13.2299, -0.261526, 2.42745, 3.15281, 0, 
0.0285537, -1.33126, -13.4759, -0.282978, 2.62657, 3.41146, 0, 
0.0307936, -1.43368, -13.7257, -0.304726, 2.82845, 3.6737, 0, 
0.0330613, -1.53735, -13.9789, -0.326739, 3.03278, 3.93913, 0, 
0.0353536, -1.64214, -14.2352, -0.348988, 3.23932, 4.20741, 0, 
0.0376674, -1.74792, -14.4942, -0.371448, 3.4478, 4.47824, 0, 
0.04, -1.85459, -14.7556, -0.394095, 3.65804, 4.75134, 0, 
0.0423493, -1.96204, -15.0191, -0.41691, 3.86983, 5.02646, 0, 
0.0447131, -2.07021, -15.2845, -0.439875, 4.08301, 5.30339, 0, 
0.0470896, -2.17899, -15.5516, -0.462973, 4.29743, 5.58192, 0, 
0.0494774, -2.28834, -15.8202, -0.486191, 4.51295, 5.8619, 0, 
0.0518751, -2.39819, -16.0902, -0.509515, 4.72946, 6.14315, 0, 
0.0542815, -2.50848, -16.3613, -0.532933, 4.94685, 6.42555, 0, 
0.0566955, -2.61916, -16.6335, -0.556437, 5.16503, 6.70896, 0, 
0.0591164, -2.7302, -16.9066, -0.580016, 5.3839, 6.99328, 0, 
0.0615432, -2.84155, -17.1805, -0.603663, 5.60339, 7.27842, 0, 
0.0639754, -2.95318, -17.4552, -0.62737, 5.82345, 7.56428, 0, 
0.0664124, -3.06506, -17.7305, -0.651132, 6.044, 7.85078, 0, 
0.0688536, -3.17716, -18.0065, -0.674942, 6.26499, 8.13786, 0, 
0.0712987, -3.28946, -18.2829, -0.698795, 6.48638, 8.42545, 0, 
0.0737472, -3.40193, -18.5598, -0.722686, 6.70812, 8.7135, 0, 
0.0761989, -3.51457, -18.837, -0.746612, 6.93018, 9.00197, 0, 
0.0786535, -3.62734, -19.1147, -0.77057, 7.15252, 9.29079, 0, 
0.0811108, -3.74024, -19.3927, -0.794555, 7.37511, 9.57995, 0, 
0.0835704, -3.85325, -19.6709, -0.818565, 7.59793, 9.86939, 0, 
0.0860324, -3.96636, -19.9494, -0.842597, 7.82094, 10.1591, 0, 
0.0884965, -4.07955, -20.2281, -0.866649, 8.04414, 10.449, 0, 
0.0909626, -4.19283, -20.507, -0.890719, 8.26749, 10.7392, 0, 
0.0934306, -4.30617, -20.7861, -0.914806, 8.49099, 11.0295, 0, 
0.0959005, -4.41958, -21.0653, -0.938907, 8.71461, 11.32, 0, 
0.0983721, -4.53305, -21.3447, -0.963021, 8.93835, 11.6107, 0, 
0.100845, -4.64656, -21.6242, -0.987147, 9.1622, 11.9014, 0, 
0.10332, -4.76012, -21.9038, -1.01128, 9.38613, 12.1923, 0, 
0.105797, -4.87372, -22.1835, -1.03543, 9.61015, 12.4833, 0, 
0.108275, -4.98736, -22.4633, -1.05959, 9.83424, 12.7744, 0, 
0.110755, -5.10103, -22.7431, -1.08375, 10.0584, 13.0656, 0, 
0.113236, -5.21473, -23.0231, -1.10792, 10.2826, 13.3569, 0, 
0.115719, -5.32845, -23.3031, -1.1321, 10.5069, 13.6482, 0, 
0.118203, -5.4422, -23.5831, -1.15628, 10.7312, 13.9396, 0, 
0.120689, -5.55597, -23.8632, -1.18047, 10.9556, 14.2311, 0, 
0.123177, -5.66976, -24.1433, -1.20466, 11.18, 14.5226, 0, 
0.125666, -5.78356, -24.4235, -1.22886, 11.4044, 14.8141, 0, 
0.128157, -5.89738, -24.7037, -1.25307, 11.6289, 15.1057, 0, 
0.130649, -6.01122, -24.9839, -1.27728, 11.8534, 15.3974, 0, 
0.133143, -6.12507, -25.2641, -1.30149, 12.0779, 15.689, 0, 
0.135639, -6.23893, -25.5444, -1.32571, 12.3025, 15.9807, 0, 
0.138137, -6.3528, -25.8247, -1.34993, 12.527, 16.2725, 0, 
0.140637, -6.46668, -26.105, -1.37415, 12.7516, 16.5642, 0, 
0.14314, -6.58057, -26.3854, -1.39838, 12.9763, 16.856, 0, 
0.145645, -6.69448, -26.6657, -1.42261, 13.2009, 17.1478, 0, 
0.148152, -6.80839, -26.9461, -1.44684, 13.4256, 17.4396, 0, 
0.150663, -6.92231, -27.2264, -1.47107, 13.6502, 17.7315, 0, 
0.153176, -7.03624, -27.5068, -1.49531, 13.8749, 18.0234, 0, 
0.155692, -7.15018, -27.7872, -1.51956, 14.0996, 18.3153, 0, 
0.158211, -7.26413, -28.0676, -1.5438, 14.3243, 18.6072, 0, 
0.160733, -7.37808, -28.348, -1.56805, 14.5491, 18.8991, 0, 
0.163257, -7.49205, -28.6285, -1.5923, 14.7738, 19.1911, 0, 
0.165784, -7.60602, -28.9089, -1.61655, 14.9986, 19.483, 0, 
0.168313, -7.71999, -29.1894, -1.64081, 15.2233, 19.775, 0, 
0.170845, -7.83398, -29.4698, -1.66506, 15.4481, 20.067, 0, 
0.17338, -7.94797, -29.7503, -1.68932, 15.6729, 20.359, 0, 
0.175917, -8.06196, -30.0308, -1.71359, 15.8977, 20.651, 0, 
0.178456, -8.17597, -30.3113, -1.73785, 16.1225, 20.9431, 0, 
0.180998, -8.28998, -30.5919, -1.76212, 16.3474, 21.2352, 0, 
0.183543, -8.404, -30.8724, -1.78639, 16.5722, 21.5272, 0, 
0.18609, -8.51803, -31.1529, -1.81066, 16.7971, 21.8193, 0, 
0.188639, -8.63206, -31.4335, -1.83493, 17.0219, 22.1115, 0, 
0.19119, -8.7461, -31.7141, -1.85921, 17.2468, 22.4036, 0, 
0.193744, -8.86015, -31.9947, -1.88349, 17.4717, 22.6957, 0, 
0.196301, -8.9742, -32.2753, -1.90777, 17.6966, 22.9879, 0, 
0.19886, -9.08827, -32.556, -1.93205, 17.9216, 23.2801, 0, 
0.201421, -9.20234, -32.8366, -1.95634, 18.1465, 23.5723, 0, 
0.203985, -9.31642, -33.1173, -1.98063, 18.3715, 23.8645, 0, 
0.206551, -9.4305, -33.398, -2.00492, 18.5964, 24.1568, 0, 
0.209119, -9.5446, -33.6788, -2.02921, 18.8214, 24.449, 0, 
0.21169, -9.6587, -33.9595, -2.0535, 19.0464, 24.7413, 0, 
0.214264, -9.77282, -34.2403, -2.0778, 19.2714, 25.0336, 0, 
0.21684, -9.88694, -34.5211, -2.1021, 19.4965, 25.3259, 0, 
0.219418, -10.0011, -34.8019, -2.1264, 19.7215, 25.6183, 0, 
0.221999, -10.1152, -35.0828, -2.15071, 19.9466, 25.9107, 0, 
0.224582, -10.2294, -35.3637, -2.17501, 20.1717, 26.203, 0, 
0.227168, -10.3435, -35.6446, -2.19932, 20.3968, 26.4955, 0, 
0.229757, -10.4577, -35.9255, -2.22364, 20.622, 26.7879, 0, 
0.232348, -10.5719, -36.2065, -2.24795, 20.8471, 27.0804, 0, 
0.234941, -10.6861, -36.4875, -2.27227, 21.0723, 27.3729, 0, 
0.237537, -10.8003, -36.7685, -2.29659, 21.2975, 27.6654, 0, 
0.240135, -10.9145, -37.0496, -2.32091, 21.5227, 27.958, 0, 
0.242736, -11.0287, -37.3307, -2.34524, 21.748, 28.2506, 0, 
0.245339, -11.143, -37.6118, -2.36957, 21.9732, 28.5432, 0, 
0.247944, -11.2572, -37.893, -2.39391, 22.1985, 28.8358, 0, 
0.250552, -11.3715, -38.1742, -2.41824, 22.4238, 29.1285, 0, 
0.253162, -11.4858, -38.4555, -2.44258, 22.6492, 29.4212, 0, 
0.255774, -11.6001, -38.7367, -2.46692, 22.8746, 29.714, 0, 
0.258388, -11.7144, -39.0181, -2.49127, 23.1, 30.0068, 0, 
0.261005, -11.8287, -39.2994, -2.51562, 23.3254, 30.2996, 0, 
0.263623, -11.9431, -39.5808, -2.53998, 23.5509, 30.5925, 0, 
0.266243, -12.0574, -39.8623, -2.56433, 23.7764, 30.8854, 0, 
0.268865, -12.1718, -40.1437, -2.5887, 24.0019, 31.1783, 0, 
0.271489, -12.2862, -40.4253, -2.61306, 24.2275, 31.4713, 0, 
0.274115, -12.4006, -40.7068, -2.63743, 24.453, 31.7643, 0, 
0.276742, -12.515, -40.9885, -2.66181, 24.6787, 32.0574, 0, 
0.279371, -12.6294, -41.2701, -2.68619, 24.9043, 32.3505, 0, 
0.282001, -12.7439, -41.5518, -2.71057, 25.13, 32.6437, 0, 
0.284633, -12.8584, -41.8336, -2.73496, 25.3558, 32.9369, 0, 
0.287266, -12.9729, -42.1154, -2.75935, 25.5816, 33.2302, 0, 
0.289901, -13.0874, -42.3973, -2.78375, 25.8074, 33.5235, 0, 
0.292537, -13.2019, -42.6792, -2.80815, 26.0333, 33.8169, 0, 
0.295175, -13.3165, -42.9611, -2.83256, 26.2592, 34.1103, 0, 
0.297814, -13.431, -43.2432, -2.85698, 26.4851, 34.4038, 0, 
0.300454, -13.5456, -43.5252, -2.8814, 26.7111, 34.6973, 0, 
0.303096, -13.6603, -43.8074, -2.90583, 26.9372, 34.9909, 0, 
0.30574, -13.7749, -44.0896, -2.93026, 27.1633, 35.2845, 0, 
0.308385, -13.8896, -44.3718, -2.9547, 27.3894, 35.5783, 0, 
0.311032, -14.0042, -44.6541, -2.97915, 27.6156, 35.872, 0, 
0.313681, -14.119, -44.9365, -3.0036, 27.8419, 36.1659, 0, 
0.316332, -14.2337, -45.2189, -3.02806, 28.0682, 36.4598, 0, 
0.318985, -14.3485, -45.5014, -3.05253, 28.2945, 36.7538, 0, 
0.321641, -14.4633, -45.7839, -3.07701, 28.521, 37.0479, 0, 
0.3243, -14.5781, -46.0666, -3.10149, 28.7474, 37.342, 0, 
0.326962, -14.6929, -46.3492, -3.12598, 28.974, 37.6362, 0, 
0.329628, -14.8078, -46.632, -3.15049, 29.2006, 37.9305, 0, 
0.332298, -14.9227, -46.9148, -3.175, 29.4273, 38.2249, 0, 
0.334972, -15.0377, -47.1977, -3.19952, 29.654, 38.5193, 0, 
0.337652, -15.1527, -47.4806, -3.22405, 29.8808, 38.8139, 0, 
0.340337, -15.2677, -47.7637, -3.24859, 30.1077, 39.1085, 0, 
0.343029, -15.3828, -48.0468, -3.27314, 30.3346, 39.4032, 0, 
0.345727, -15.4979, -48.3299, -3.29771, 30.5616, 39.698, 0, 
0.348434, -15.613, -48.6132, -3.32228, 30.7887, 39.9929, 0, 
0.35115, -15.7282, -48.8965, -3.34687, 31.0159, 40.2879, 0, 
0.353875, -15.8434, -49.1799, -3.37147, 31.2432, 40.583, 0, 
0.356612, -15.9586, -49.4634, -3.39608, 31.4705, 40.8782, 0, 
0.35936, -16.074, -49.7469, -3.42071, 31.6979, 41.1736, 0, 
0.362123, -16.1893, -50.0305, -3.44535, 31.9255, 41.469, 0, 
0.364901, -16.3047, -50.3142, -3.47001, 32.1531, 41.7645, 0, 
0.367696, -16.4202, -50.598, -3.49469, 32.3808, 42.0602, 0, 
0.370511, -16.5357, -50.8818, -3.51938, 32.6085, 42.3559, 0, 
0.373346, -16.6513, -51.1657, -3.54409, 32.8364, 42.6518, 0, 
0.376206, -16.7669, -51.4497, -3.56882, 33.0644, 42.9478, 0, 
0.379093, -16.8826, -51.7338, -3.59358, 33.2925, 43.2439, 0, 
0.38201, -16.9983, -52.0179, -3.61835, 33.5207, 43.5402, 0, 
0.384961, -17.1142, -52.302, -3.64315, 33.7491, 43.8366, 0, 
0.387951, -17.2301, -52.5863, -3.66797, 33.9775, 44.1331, 0, 
0.390985, -17.346, -52.8706, -3.69282, 34.206, 44.4298, 0, 
0.394068, -17.4621, -53.1549, -3.7177, 34.4347, 44.7266, 0, 
0.397208, -17.5782, -53.4393, -3.74262, 34.6635, 45.0236, 0, 
0.400414, -17.6945, -53.7237, -3.76757, 34.8924, 45.3207, 0, 
0.403695, -17.8108, -54.0081, -3.79256, 35.1215, 45.618, 0, 
0.407064, -17.9272, -54.2924, -3.81759, 35.3507, 45.9154, 0, 
0.410536, -18.0438, -54.5768, -3.84267, 35.58, 46.213, 0, 
0.41413, -18.1605, -54.8611, -3.86781, 35.8095, 46.5107, 0, 
0.417871, -18.2773, -55.1453, -3.89301, 36.0392, 46.8086, 0, 
0.421788, -18.3942, -55.4294, -3.91829, 36.2691, 47.1068, 0, 
0.425921, -18.5114, -55.7132, -3.94366, 36.4991, 47.405, 0, 
0.430324, -18.6287, -55.9968, -3.96913, 36.7293, 47.7035, 0, 
0.435067, -18.7463, -56.28, -3.99473, 36.9598, 48.0021, 0, 
0.440248, -18.8642, -56.5626, -4.0205, 37.1905, 48.301, 0, 
0.446003, -18.9825, -56.8444, -4.04647, 37.4215, 48.6, 0, 
0.452531, -19.1012, -57.1251, -4.07272, 37.6528, 48.8993, 0, 
0.460119, -19.2205, -57.4042, -4.09933, 37.8845, 49.1987, 0, 
0.46921, -19.3406, -57.681, -4.12646, 38.1168, 49.4984, 0, 
0.480475, -19.4619, -57.9544, -4.15433, 38.3497, 49.7982, 0, 
0.494968, -19.5848, -58.2227, -4.18328, 38.5836, 50.0983, 0, 
0.514405, -19.7102, -58.483, -4.2139, 38.8189, 50.3986, 0, 
0.54171, -19.8396, -58.7306, -4.24715, 39.0563, 50.6992, 0, 
0.582209, -19.9753, -58.9569, -4.28479, 39.2971, 50.9999, 0, 
0.646558, -20.1226, -59.1448, -4.33033, 39.5441, 51.3009, 0, 
0.758012, -20.2926, -59.2575, -4.39137, 39.803, 51.6022, 0, 
0.952657, -20.5022, -59.2397, -4.47944, 40.0823, 51.9036, 0, 
1.27737, -20.7737, -59.0233, -4.60895, 40.3923, 52.2053, 0, 
1.7855, -21.1324, -58.5392, -4.79487, 40.7415, 52.5072, 0, 
2.51834, -21.5983, -57.7505, -5.04603, 41.1311, 52.8094, 0, 
3.49179, -22.1803, -56.6696, -5.36146, 41.5518, 53.1117, 0, 
4.63771, -22.8729, -55.5237, -5.72992, 41.9868, 53.4143, 0, 
5.78362, -23.6243, -54.3778, -6.12088, 42.4144, 53.7169, 0, 
6.92954, -24.377, -53.2459, -6.50461, 42.8236, 54.0196, 0, 
8.02543, -25.0983, -52.1958, -6.86605, 43.2127, 54.322, 0, 
9.03886, -25.7721, -51.2559, -7.19879, 43.5831, 54.6241, 0, 
9.96, -26.3937, -50.4319, -7.50168, 43.9369, 54.9256, 0, 
10.7898, -26.964, -49.7194, -7.77594, 44.2761, 55.2265, 0, 
11.5335, -27.4861, -49.1105, -8.02364, 44.6022, 55.5267, 0, 
12.1978, -27.9639, -48.5966, -8.24706, 44.9167, 55.8261, 0, 
12.7898, -28.4015, -48.1691, -8.44845, 45.2207, 56.1247, 0, 
13.3161, -28.8026, -47.8199, -8.62994, 45.5154, 56.4224, 0, 
13.7833, -29.1709, -47.5416, -8.79347, 45.8015, 56.7193, 0, 
14.1969, -29.5096, -47.3272, -8.94085, 46.0801, 57.0153, 0, 
14.5625, -29.8218, -47.1706, -9.07369, 46.3518, 57.3105, 0, 
14.8849, -30.1102, -47.0659, -9.19349, 46.6173, 57.6049, 0, 
15.1684, -30.3772, -47.0079, -9.30155, 46.8773, 57.8985, 0, 
15.417, -30.625, -46.9919, -9.39911, 47.1322, 58.1914, 0, 
15.6343, -30.8556, -47.0135, -9.48724, 47.3827, 58.4837, 0, 
15.8235, -31.0708, -47.0688, -9.56692, 47.6291, 58.7754, 0, 
15.9877, -31.2722, -47.1543, -9.63903, 47.8719, 59.0665, 0, 
16.1294, -31.4613, -47.2669, -9.70437, 48.1115, 59.357, 0, 
16.2509, -31.6392, -47.4036, -9.76365, 48.3482, 59.6471, 0, 
16.3543, -31.8073, -47.562, -9.8175, 48.5823, 59.9368, 0, 
16.4417, -31.9665, -47.7397, -9.8665, 48.814, 60.2261, 0, 
16.5146, -32.1177, -47.9348, -9.91115, 49.0437, 60.5151, 0, 
16.5745, -32.2619, -48.1455, -9.95191, 49.2716, 60.8038, 0, 
16.6229, -32.3997, -48.37, -9.9892, 49.4979, 61.0922, 0, 
16.661, -32.5318, -48.607, -10.0234, 49.7227, 61.3805, 0, 
16.6899, -32.659, -48.8552, -10.0548, 49.9462, 61.6686, 0, 
16.7105, -32.7816, -49.1133, -10.0837, 50.1686, 61.9566, 0, 
16.7239, -32.9003, -49.3803, -10.1105, 50.39, 62.2445, 0, 
16.7308, -33.0154, -49.6553, -10.1353, 50.6105, 62.5324, 0, 
16.7319, -33.1275, -49.9375, -10.1583, 50.8302, 62.8203, 0, 
16.7279, -33.2367, -50.2261, -10.1798, 51.0492, 63.1082, 0, 
16.7193, -33.3436, -50.5204, -10.1999, 51.2677, 63.3961, 0, 
16.7068, -33.4483, -50.8198, -10.2188, 51.4857, 63.6841, 0, 
16.6906, -33.5511, -51.124, -10.2366, 51.7033, 63.9723, 0, 
16.6713, -33.6522, -51.4322, -10.2534, 51.9205, 64.2606, 0, 
16.6493, -33.752, -51.7443, -10.2694, 52.1374, 64.549, 0, 
16.6248, -33.8505, -52.0596, -10.2846, 52.354, 64.8377, 0, 
16.5982, -33.9479, -52.3781, -10.2992, 52.5705, 65.1265, 0, 
16.5697, -34.0444, -52.6992, -10.3132, 52.7868, 65.4156, 0, 
16.5396, -34.1401, -53.0229, -10.3267, 53.0031, 65.705, 0, 
16.5082, -34.2352, -53.3487, -10.3397, 53.2192, 65.9946, 0, 
16.4756, -34.3298, -53.6766, -10.3524, 53.4353, 66.2845, 0, 
16.4422, -34.424, -54.0062, -10.3648, 53.6514, 66.5747, 0, 
16.408, -34.5179, -54.3375, -10.3769, 53.8676, 66.8653, 0, 
16.3732, -34.6116, -54.6702, -10.3887, 54.0837, 67.1563, 0, 
16.3381, -34.7053, -55.0042, -10.4004, 54.3, 67.4476, 0, 
16.3028, -34.7989, -55.3393, -10.412, 54.5163, 67.7392, 0, 
16.2675, -34.8927, -55.6755, -10.4235, 54.7326, 68.0313, 0, 
16.2323, -34.9867, -56.0125, -10.435, 54.9491, 68.3239, 0, 
16.1975, -35.081, -56.3503, -10.4464, 55.1657, 68.6168, 0, 
16.1631, -35.1757, -56.6888, -10.4579, 55.3823, 68.9102, 0, 
16.1295, -35.2708, -57.0278, -10.4694, 55.5991, 69.204, 0, 
16.0967, -35.3666, -57.3672, -10.4811, 55.816, 69.4984, 0, 
16.0649, -35.463, -57.707, -10.4929, 56.0329, 69.7932, 0, 
16.0345, -35.5601, -58.0469, -10.5049, 56.25, 70.0885, 0, 
16.0055, -35.6582, -58.387, -10.5171, 56.4671, 70.3844, 0, 
15.9782, -35.7572, -58.7271, -10.5295, 56.6843, 70.6808, 0, 
15.9529, -35.8574, -59.0671, -10.5423, 56.9015, 70.9777, 0, 
15.9299, -35.9588, -59.4068, -10.5554, 57.1187, 71.2752, 0, 
15.9094, -36.0616, -59.7461, -10.569, 57.3359, 71.5732, 0, 
15.8921, -36.166, -60.0848, -10.583, 57.553, 71.8719, 0, 
15.8783, -36.2723, -60.4228, -10.5976, 57.77, 72.1711, 0, 
15.8686, -36.3807, -60.7596, -10.6129, 57.9867, 72.471, 0, 
15.864, -36.4916, -61.095, -10.6289, 58.203, 72.7714, 0, 
15.8656, -36.6055, -61.4285, -10.646, 58.4189, 73.0725, 0, 
15.8749, -36.7232, -61.7595, -10.6642, 58.634, 73.3742, 0, 
15.8942, -36.8456, -62.0869, -10.684, 58.8481, 73.6766, 0, 
15.9269, -36.9742, -62.4093, -10.7059, 59.0606, 73.9796, 0, 
15.9789, -37.1117, -62.7243, -10.7308, 59.2706, 74.2833, 0, 
16.0604, -37.2627, -63.0275, -10.7602, 59.4765, 74.5877, 0, 
16.1854, -37.4331, -63.313, -10.7963, 59.6763, 74.8928, 0, 
16.3577, -37.6247, -63.5795, -10.8397, 59.8692, 75.1985, 0, 
16.5776, -37.8374, -63.8272, -10.8903, 60.0552, 75.5049, 0, 
16.8415, -38.0694, -64.0578, -10.9475, 60.2348, 75.812, 0, 
17.1424, -38.3174, -64.2743, -11.0103, 60.4088, 76.1198, 0, 
17.4709, -38.5773, -64.481, -11.0773, 60.5788, 76.4282, 0, 
17.8163, -38.8443, -64.6822, -11.1467, 60.7464, 76.7373, 0, 
18.1676, -39.1136, -64.8824, -11.2169, 60.9131, 77.0469, 0, 
18.5149, -39.3808, -65.0856, -11.2865, 61.0807, 77.3571, 0, 
18.8501, -39.6425, -65.2951, -11.3542, 61.2502, 77.6679, 0, 
19.167, -39.8959, -65.5133, -11.4192, 61.4228, 77.9791, 0, 
19.4617, -40.1395, -65.7417, -11.4807, 61.5991, 78.2909, 0, 
19.7317, -40.3722, -65.9812, -11.5384, 61.7795, 78.6031, 0, 
19.9761, -40.5937, -66.2321, -11.5923, 61.9641, 78.9157, 0, 
20.195, -40.804, -66.4942, -11.6423, 62.153, 79.2288, 0, 
20.3892, -41.0035, -66.7672, -11.6886, 62.346, 79.5424, 0, 
20.5597, -41.1927, -67.0506, -11.7313, 62.5431, 79.8564, 0, 
20.708, -41.3723, -67.3438, -11.7706, 62.744, 80.1708, 0, 
20.8355, -41.5429, -67.6462, -11.8068, 62.9485, 80.4858, 0, 
20.9438, -41.7053, -67.9572, -11.8402, 63.1564, 80.8012, 0, 
21.0346, -41.8601, -68.276, -11.8709, 63.3675, 81.1171, 0, 
21.1092, -42.0081, -68.6021, -11.8991, 63.5814, 81.4336, 0, 
21.1696, -42.15, -68.9348, -11.9253, 63.7981, 81.7507, 0, 
21.2176, -42.2866, -69.2734, -11.9496, 64.0172, 82.0684, 0, 
21.255, -42.4187, -69.617, -11.9724, 64.2383, 82.3867, 0, 
21.2835, -42.547, -69.9651, -11.9938, 64.4614, 82.7057, 0, 
21.3045, -42.6721, -70.3171, -12.0142, 64.6862, 83.0254, 0, 
21.3192, -42.7945, -70.6726, -12.0337, 64.9125, 83.3459, 0, 
21.3286, -42.9147, -71.0311, -12.0525, 65.1403, 83.6671, 0, 
21.3336, -43.0329, -71.3922, -12.0708, 65.3694, 83.9891, 0, 
21.335, -43.1497, -71.7556, -12.0886, 65.5997, 84.312, 0, 
21.3335, -43.2651, -72.1212, -12.1061, 65.8312, 84.6358, 0, 
21.3298, -43.3796, -72.4885, -12.1233, 66.0638, 84.9605, 0, 
21.3243, -43.4933, -72.8575, -12.1405, 66.2975, 85.2861, 0, 
21.3175, -43.6065, -73.2279, -12.1576, 66.5322, 85.6126, 0, 
21.31, -43.7193, -73.5996, -12.1748, 66.768, 85.9402, 0, 
21.3021, -43.8318, -73.9723, -12.1921, 67.0047, 86.2688, 0, 
21.2942, -43.9443, -74.3459, -12.2096, 67.2424, 86.5985, 0, 
21.2866, -44.0568, -74.7204, -12.2273, 67.4811, 86.9292, 0, 
21.2796, -44.1696, -75.0955, -12.2454, 67.7207, 87.261, 0, 
21.2736, -44.2826, -75.4711, -12.2639, 67.9612, 87.5939, 0, 
21.2688, -44.396, -75.8472, -12.2827, 68.2027, 87.928, 0, 
21.2654, -44.51, -76.2236, -12.3021, 68.4451, 88.2633, 0, 
21.2637, -44.6244, -76.6003, -12.3219, 68.6885, 88.5998, 0, 
21.2639, -44.7395, -76.9771, -12.3424, 68.9329, 88.9374, 0, 
21.2662, -44.8553, -77.354, -12.3634, 69.1783, 89.2763, 0, 
21.2706, -44.9718, -77.7309, -12.3851, 69.4246, 89.6164, 0, 
21.2775, -45.0892, -78.1077, -12.4075, 69.672, 89.9578, 0, 
21.287, -45.2073, -78.4843, -12.4306, 69.9204, 90.3005, 0, 
21.299, -45.3263, -78.8608, -12.4545, 70.1699, 90.6444, 0, 
21.3139, -45.4463, -79.2369, -12.4791, 70.4205, 90.9897, 0, 
21.3316, -45.5671, -79.6128, -12.5046, 70.6722, 91.3363, 0, 
21.3523, -45.6889, -79.9883, -12.5309, 70.9251, 91.6842, 0, 
21.3759, -45.8116, -80.3635, -12.5581, 71.1791, 92.0334, 0, 
21.4025, -45.9352, -80.7383, -12.5861, 71.4344, 92.384, 0, 
21.4321, -46.0598, -81.1127, -12.6149, 71.691, 92.736, 0, 
21.4645, -46.1852, -81.4867, -12.6447, 71.9489, 93.0893, 0, 
21.4998, -46.3115, -81.8605, -12.6753, 72.2081, 93.444, 0, 
21.5379, -46.4387, -82.2339, -12.7067, 72.4687, 93.8001, 0, 
21.5784, -46.5665, -82.6072, -12.739, 72.7308, 94.1576, 0, 
21.6213, -46.6951, -82.9804, -12.772, 72.9943, 94.5165, 0, 
21.6662, -46.8242, -83.3537, -12.8058, 73.2594, 94.8768, 0, 
21.7128, -46.9539, -83.7272, -12.8402, 73.526, 95.2385, 0, 
21.7609, -47.084, -84.1011, -12.8753, 73.7943, 95.6016, 0, 
21.81, -47.2144, -84.4756, -12.9108, 74.0643, 95.9661, 0, 
21.8598, -47.345, -84.8508, -12.9468, 74.3359, 96.332, 0, 
21.9097, -47.4757, -85.2271, -12.9832, 74.6093, 96.6994, 0, 
21.9594, -47.6064, -85.6046, -13.0198, 74.8844, 97.0682, 0, 
22.0086, -47.737, -85.9836, -13.0567, 75.1614, 97.4383, 0, 
22.0567, -47.8673, -86.3642, -13.0936, 75.4401, 97.81, 0, 
22.1034, -47.9973, -86.7467, -13.1305, 75.7207, 98.183, 0, 
22.1485, -48.1268, -87.1313, -13.1674, 76.0032, 98.5575, 0, 
22.1915, -48.2559, -87.5181, -13.2042, 76.2875, 98.9334, 0, 
22.2323, -48.3845, -87.9073, -13.2408, 76.5736, 99.3107, 0, 
22.2705, -48.5125, -88.2991, -13.2771, 76.8617, 99.6895, 0, 
22.306, -48.6398, -88.6935, -13.3131, 77.1516, 100.07, 0, 
22.3386, -48.7664, -89.0907, -13.3488, 77.4434, 100.451, 0, 
22.3682, -48.8924, -89.4907, -13.3842, 77.7372, 100.834, 0, 
22.3945, -49.0176, -89.8938, -13.4191, 78.0328, 101.219, 0, 
22.4175, -49.1421, -90.2998, -13.4535, 78.3303, 101.605, 0, 
22.4371, -49.2658, -90.709, -13.4875, 78.6297, 101.992, 0, 
22.4532, -49.3887, -91.1214, -13.521, 78.931, 102.381, 0, 
22.4656, -49.5108, -91.537, -13.554, 79.2341, 102.772, 0, 
22.4744, -49.6322, -91.956, -13.5864, 79.5392, 103.164, 0, 
22.4794, -49.7527, -92.3784, -13.6182, 79.8461, 103.557, 0, 
22.4804, -49.8724, -92.8042, -13.6494, 80.155, 103.952, 0, 
22.4776, -49.9913, -93.2336, -13.6799, 80.4656, 104.348, 0, 
22.4706, -50.1093, -93.6665, -13.7098, 80.7782, 104.746, 0, 
22.4595, -50.2265, -94.1032, -13.7389, 81.0926, 105.145, 0, 
22.4442, -50.3429, -94.5436, -13.7674, 81.4088, 105.546, 0, 
22.4244, -50.4584, -94.9879, -13.795, 81.7268, 105.948, 0, 
22.4002, -50.573, -95.436, -13.8219, 82.0466, 106.352, 0, 
22.3713, -50.6867, -95.8882, -13.8479, 82.3682, 106.757, 0, 
22.3377, -50.7995, -96.3445, -13.873, 82.6915, 107.164, 0, 
22.2992, -50.9114, -96.805, -13.8972, 83.0165, 107.572, 0, 
22.2556, -51.0223, -97.2697, -13.9204, 83.3432, 107.982, 0, 
22.2069, -51.1323, -97.7389, -13.9426, 83.6715, 108.393, 0, 
22.1527, -51.2413, -98.2126, -13.9637, 84.0014, 108.806, 0, 
22.0931, -51.3493, -98.6909, -13.9837, 84.3328, 109.22, 0, 
22.0277, -51.4563, -99.1739, -14.0025, 84.6657, 109.636, 0, 
21.9564, -51.5622, -99.6617, -14.0201, 85, 110.053, 0, 
21.8791, -51.6671, -100.154, -14.0365, 85.3356, 110.472, 0, 
21.7956, -51.771, -100.652, -14.0515, 85.6724, 110.892, 0, 
21.7056, -51.8737, -101.155, -14.0652, 86.0104, 111.314, 0, 
21.6091, -51.9754, -101.663, -14.0775, 86.3495, 111.737, 0, 
21.5059, -52.0759, -102.177, -14.0883, 86.6896, 112.161, 0, 
21.3958, -52.1753, -102.696, -14.0976, 87.0305, 112.587, 0, 
21.2788, -52.2736, -103.22, -14.1054, 87.3722, 113.015, 0, 
21.1547, -52.3708, -103.75, -14.1117, 87.7145, 113.443, 0, 
21.0236, -52.4669, -104.285, -14.1164, 88.0575, 113.874, 0, 
20.8853, -52.5619, -104.825, -14.1195, 88.4008, 114.305, 0, 
20.7399, -52.6558, -105.372, -14.1211, 88.7445, 114.738, 0, 
20.5876, -52.7486, -105.923, -14.1211, 89.0885, 115.172, 0, 
20.4283, -52.8404, -106.48, -14.1196, 89.4326, 115.607, 0, 
20.2624, -52.9313, -107.041, -14.1166, 89.7768, 116.044, 0, 
20.09, -53.0212, -107.608, -14.1123, 90.121, 116.482, 0, 
19.9113, -53.1103, -108.18, -14.1065, 90.4652, 116.921, 0, 
19.7268, -53.1985, -108.756, -14.0995, 90.8093, 117.361, 0, 
19.5368, -53.286, -109.336, -14.0913, 91.1533, 117.803, 0, 
19.3416, -53.3729, -109.92, -14.082, 91.4972, 118.245, 0, 
19.1416, -53.4591, -110.508, -14.0716, 91.841, 118.689, 0, 
18.9372, -53.5448, -111.099, -14.0604, 92.1848, 119.133, 0, 
18.7288, -53.6299, -111.693, -14.0482, 92.5284, 119.578, 0, 
18.5168, -53.7147, -112.29, -14.0354, 92.8719, 120.025, 0, 
18.3016, -53.799, -112.89, -14.0218, 93.2154, 120.472, 0, 
18.0833, -53.883, -113.492, -14.0076, 93.5589, 120.919, 0, 
17.8625, -53.9666, -114.096, -13.9928, 93.9022, 121.367, 0, 
17.6393, -54.05, -114.701, -13.9776, 94.2455, 121.816, 0, 
17.4141, -54.1331, -115.309, -13.9619, 94.5887, 122.265, 0, 
17.187, -54.216, -115.917, -13.9459, 94.9318, 122.715, 0, 
16.9584, -54.2986, -116.526, -13.9295, 95.2747, 123.165, 0, 
16.7284, -54.381, -117.137, -13.9128, 95.6174, 123.615, 0, 
16.4973, -54.4632, -117.747, -13.8958, 95.9599, 124.064, 0, 
16.2652, -54.5452, -118.358, -13.8786, 96.302, 124.514, 0, 
16.0323, -54.627, -118.969, -13.8612, 96.6438, 124.964, 0, 
15.7988, -54.7086, -119.58, -13.8437, 96.9851, 125.413, 0, 
15.5648, -54.7899, -120.191, -13.826, 97.3259, 125.862, 0, 
15.3305, -54.8711, -120.801, -13.8081, 97.6661, 126.31, 0, 
15.096, -54.9519, -121.41, -13.7902, 98.0056, 126.758, 0, 
14.8616, -55.0326, -122.018, -13.7722, 98.3443, 127.204, 0, 
14.6272, -55.1129, -122.625, -13.7542, 98.6821, 127.65, 0, 
14.3931, -55.1929, -123.231, -13.7361, 99.019, 128.094, 0, 
14.1594, -55.2727, -123.834, -13.7179, 99.3547, 128.537, 0, 
13.9262, -55.3521, -124.436, -13.6998, 99.6892, 128.979, 0, 
13.6936, -55.4311, -125.035, -13.6817, 100.022, 129.419, 0, 
13.4617, -55.5098, -125.632, -13.6636, 100.354, 129.857, 0, 
13.2307, -55.588, -126.226, -13.6455, 100.684, 130.293, 0, 
13.0007, -55.6659, -126.818, -13.6275, 101.013, 130.727, 0, 
12.7717, -55.7432, -127.406, -13.6095, 101.34, 131.159, 0, 
12.5439, -55.8201, -127.991, -13.5916, 101.665, 131.588, 0, 
12.3174, -55.8965, -128.573, -13.5738, 101.987, 132.015, 0, 
12.0923, -55.9724, -129.15, -13.5561, 102.308, 132.439, 0, 
11.8688, -56.0477, -129.724, -13.5385, 102.626, 132.86, 0, 
11.6468, -56.1224, -130.293, -13.5209, 102.942, 133.277, 0, 
11.4265, -56.1965, -130.858, -13.5036, 103.256, 133.692, 0, 
11.208, -56.2699, -131.418, -13.4863, 103.567, 134.103, 0, 
10.9914, -56.3427, -131.973, -13.4692, 103.875, 134.511, 0, 
10.7768, -56.4148, -132.523, -13.4522, 104.18, 134.914, 0, 
10.5643, -56.4861, -133.068, -13.4354, 104.482, 135.314, 0, 
10.3539, -56.5567, -133.608, -13.4188, 104.782, 135.71, 0, 
10.1457, -56.6266, -134.141, -13.4023, 105.078, 136.102, 0, 
9.9399, -56.6956, -134.669, -13.386, 105.37, 136.489, 0, 
9.73645, -56.7638, -135.191, -13.3699, 105.66, 136.872, 0, 
9.53547, -56.8312, -135.707, -13.3539, 105.945, 137.251, 0, 
9.33701, -56.8977, -136.216, -13.3382, 106.228, 137.625, 0, 
9.14116, -56.9634, -136.719, -13.3227, 106.506, 137.993, 0, 
8.94796, -57.0281, -137.215, -13.3074, 106.781, 138.357, 0, 
8.75749, -57.0919, -137.704, -13.2923, 107.052, 138.716, 0, 
8.56978, -57.1548, -138.187, -13.2774, 107.319, 139.07, 0, 
8.38489, -57.2167, -138.662, -13.2627, 107.582, 139.419, 0, 
8.20288, -57.2777, -139.13, -13.2483, 107.841, 139.762, 0, 
8.02377, -57.3377, -139.591, -13.2341, 108.096, 140.1, 0, 
7.84761, -57.3967, -140.045, -13.2201, 108.347, 140.432, 0, 
7.67443, -57.4547, -140.491, -13.2063, 108.593, 140.759, 0, 
7.50426, -57.5116, -140.93, -13.1928, 108.835, 141.08, 0, 
7.33712, -57.5676, -141.361, -13.1796, 109.073, 141.396, 0, 
7.17305, -57.6225, -141.785, -13.1665, 109.307, 141.706, 0, 
7.01204, -57.6764, -142.2, -13.1538, 109.537, 142.01, 0, 
6.85413, -57.7293, -142.608, -13.1412, 109.762, 142.309, 0, 
6.69931, -57.7811, -143.009, -13.1289, 109.982, 142.601, 0, 
6.5476, -57.8319, -143.401, -13.1169, 110.198, 142.888, 0, 
6.39899, -57.8816, -143.786, -13.1051, 110.41, 143.17, 0, 
6.25349, -57.9303, -144.163, -13.0936, 110.618, 143.445, 0, 
6.11108, -57.978, -144.532, -13.0822, 110.821, 143.715, 0, 
5.97176, -58.0246, -144.894, -13.0712, 111.02, 143.978, 0, 
5.83552, -58.0702, -145.247, -13.0604, 111.214, 144.236, 0, 
5.70233, -58.1148, -145.593, -13.0498, 111.404, 144.489, 0, 
5.57219, -58.1583, -145.932, -13.0395, 111.59, 144.735, 0, 
5.44507, -58.2009, -146.262, -13.0294, 111.771, 144.976, 0, 
5.32095, -58.2424, -146.585, -13.0195, 111.948, 145.212, 0, 
5.1998, -58.2829, -146.901, -13.0099, 112.121, 145.442, 0, 
5.08158, -58.3225, -147.209, -13.0005, 112.29, 145.666, 0, 
4.96628, -58.3611, -147.51, -12.9914, 112.455, 145.885, 0, 
4.85385, -58.3987, -147.803, -12.9824, 112.615, 146.098, 0, 
4.74426, -58.4354, -148.089, -12.9737, 112.772, 146.306, 0, 
4.63747, -58.4711, -148.368, -12.9652, 112.924, 146.509, 0, 
4.53344, -58.5059, -148.64, -12.957, 113.073, 146.706, 0, 
4.43214, -58.5398, -148.905, -12.9489, 113.218, 146.899, 0, 
4.33351, -58.5728, -149.163, -12.9411, 113.359, 147.086, 0, 
4.23752, -58.605, -149.415, -12.9335, 113.496, 147.269, 0, 
4.14411, -58.6362, -149.659, -12.9261, 113.63, 147.446, 0, 
4.05326, -58.6666, -149.897, -12.9189, 113.76, 147.619, 0, 
3.9649, -58.6962, -150.129, -12.9118, 113.886, 147.787, 0, 
3.879, -58.7249, -150.354, -12.905, 114.009, 147.95, 0, 
3.79549, -58.7529, -150.574, -12.8984, 114.128, 148.109, 0, 
3.71435, -58.78, -150.787, -12.8919, 114.244, 148.264, 0, 
3.63551, -58.8064, -150.994, -12.8857, 114.357, 148.414, 0, 
3.55893, -58.832, -151.195, -12.8796, 114.467, 148.559, 0, 
3.48456, -58.8569, -151.39, -12.8737, 114.573, 148.701, 0, 
3.41235, -58.8811, -151.58, -12.868, 114.676, 148.838, 0, 
3.34225, -58.9045, -151.765, -12.8624, 114.777, 148.972, 0, 
3.27421, -58.9273, -151.944, -12.857, 114.874, 149.101, 0, 
3.20819, -58.9494, -152.118, -12.8518, 114.968, 149.227, 0, 
3.14413, -58.9709, -152.286, -12.8467, 115.06, 149.349, 0, 
3.082, -58.9917, -152.45, -12.8417, 115.149, 149.467, 0, 
3.02173, -59.0118, -152.609, -12.837, 115.235, 149.582, 0, 
2.96329, -59.0314, -152.763, -12.8323, 115.319, 149.693, 0, 
2.90662, -59.0504, -152.912, -12.8278, 115.4, 149.801, 0, 
2.85168, -59.0687, -153.057, -12.8235, 115.479, 149.906, 0, 
2.79843, -59.0866, -153.197, -12.8192, 115.555, 150.007, 0, 
2.74682, -59.1038, -153.334, -12.8151, 115.629, 150.106, 0, 
2.6968, -59.1206, -153.466, -12.8112, 115.7, 150.201, 0, 
2.64834, -59.1368, -153.594, -12.8073, 115.77, 150.293, 0, 
2.60139, -59.1525, -153.717, -12.8036, 115.837, 150.383, 0, 
2.55591, -59.1677, -153.838, -12.8, 115.902, 150.469, 0, 
2.51185, -59.1825, -153.954, -12.7965, 115.965, 150.553, 0, 
2.46918, -59.1968, -154.067, -12.7931, 116.026, 150.635, 0, 
2.42786, -59.2106, -154.176, -12.7898, 116.086, 150.713, 0, 
2.38785, -59.224, -154.281, -12.7866, 116.143, 150.79, 0, 
2.3491, -59.237, -154.384, -12.7836, 116.198, 150.864, 0, 
2.31159, -59.2495, -154.483, -12.7806, 116.252, 150.935, 0, 
2.27528, -59.2617, -154.579, -12.7777, 116.304, 151.004, 0, 
2.24013, -59.2734, -154.672, -12.7749, 116.354, 151.071, 0, 
2.20611, -59.2848, -154.762, -12.7722, 116.403, 151.136, 0, 
2.17317, -59.2959, -154.849, -12.7696, 116.45, 151.199, 0, 
2.1413, -59.3065, -154.933, -12.7671, 116.496, 151.26, 0, 
2.11046, -59.3169, -155.015, -12.7646, 116.54, 151.319, 0, 
2.08062, -59.3269, -155.094, -12.7622, 116.583, 151.375, 0, 
2.05174, -59.3365, -155.17, -12.7599, 116.624, 151.431, 0, 
2.0238, -59.3459, -155.244, -12.7577, 116.664, 151.484, 0, 
1.99676, -59.3549, -155.315, -12.7556, 116.703, 151.535, 0, 
1.97061, -59.3637, -155.385, -12.7535, 116.741, 151.585, 0, 
1.94531, -59.3722, -155.451, -12.7515, 116.777, 151.633, 0, 
1.92083, -59.3804, -155.516, -12.7496, 116.812, 151.68, 0, 
1.89715, -59.3883, -155.579, -12.7477, 116.846, 151.725, 0, 
1.87425, -59.396, -155.639, -12.7459, 116.879, 151.769, 0, 
1.8521, -59.4034, -155.698, -12.7441, 116.91, 151.811, 0, 
1.83067, -59.4105, -155.755, -12.7424, 116.941, 151.852, 0, 
1.80995, -59.4175, -155.81, -12.7407, 116.971, 151.892, 0, 
1.78991, -59.4242, -155.863, -12.7392, 116.999, 151.93, 0, 
1.77052, -59.4307, -155.914, -12.7376, 117.027, 151.967, 0, 
1.75178, -59.437, -155.964, -12.7361, 117.054, 152.003, 0, 
1.73365, -59.443, -156.012, -12.7347, 117.08, 152.037, 0, 
1.71612, -59.4489, -156.058, -12.7333, 117.105, 152.071, 0, 
1.69917, -59.4546, -156.103, -12.732, 117.129, 152.103, 0, 
1.68278, -59.4601, -156.146, -12.7307, 117.153, 152.134, 0, 
1.66693, -59.4654, -156.188, -12.7294, 117.176, 152.164, 0, 
1.65161, -59.4705, -156.229, -12.7282, 117.198, 152.194, 0, 
1.63679, -59.4755, -156.268, -12.727, 117.219, 152.222, 0, 
1.62246, -59.4803, -156.306, -12.7259, 117.239, 152.249, 0, 
1.60861, -59.4849, -156.343, -12.7248, 117.259, 152.276, 0, 
1.59521, -59.4894, -156.378, -12.7237, 117.278, 152.301, 0, 
1.58226, -59.4937, -156.412, -12.7227, 117.297, 152.326, 0, 
1.56974, -59.4979, -156.445, -12.7217, 117.315, 152.35, 0, 
1.55764, -59.502, -156.477, -12.7207, 117.332, 152.373, 0, 
1.54594, -59.5059, -156.508, -12.7198, 117.349, 152.395, 0, 
1.53462, -59.5097, -156.538, -12.7189, 117.365, 152.417, 0, 
1.52368, -59.5134, -156.567, -12.718, 117.381, 152.438, 0, 
1.51311, -59.5169, -156.595, -12.7172, 117.396, 152.458, 0, 
1.50289, -59.5203, -156.622, -12.7164, 117.411, 152.477, 0, 
1.493, -59.5236, -156.649, -12.7156, 117.425, 152.496, 0, 
1.48345, -59.5268, -156.674, -12.7148, 117.439, 152.514, 0, 
1.47421, -59.5299, -156.698, -12.7141, 117.452, 152.532, 0, 
1.46529, -59.5329, -156.722, -12.7134, 117.465, 152.549, 0, 
1.45666, -59.5358, -156.745, -12.7127, 117.477, 152.565, 0, 
1.44831, -59.5386, -156.767, -12.712, 117.489, 152.581, 0, 
1.44025, -59.5413, -156.788, -12.7114, 117.5, 152.597, 0, 
1.43245, -59.5439, -156.809, -12.7108, 117.512, 152.612, 0, 
1.42491, -59.5464, -156.829, -12.7102, 117.522, 152.626, 0, 
1.41763, -59.5489, -156.848, -12.7096, 117.533, 152.64, 0, 
1.41059, -59.5512, -156.867, -12.709, 117.543, 152.653, 0, 
1.40378, -59.5535, -156.885, -12.7085, 117.553, 152.666, 0, 
1.3972, -59.5557, -156.902, -12.708, 117.562, 152.679, 0, 
1.39084, -59.5579, -156.919, -12.7075, 117.571, 152.691, 0, 
1.38469, -59.5599, -156.935, -12.707, 117.58, 152.703, 0, 
1.37874, -59.5619, -156.951, -12.7065, 117.589, 152.714, 0, 
1.373, -59.5638, -156.966, -12.7061, 117.597, 152.725, 0, 
1.36745, -59.5657, -156.981, -12.7056, 117.605, 152.736, 0, 
1.36208, -59.5675, -156.995, -12.7052, 117.612, 152.746, 0, 
1.35689, -59.5692, -157.009, -12.7048, 117.62, 152.756, 0, 
1.35187, -59.5709, -157.022, -12.7044, 117.627, 152.765, 0, 
1.34703, -59.5725, -157.035, -12.704, 117.634, 152.775, 0, 
1.34234, -59.5741, -157.048, -12.7036, 117.641, 152.784, 0, 
1.33781, -59.5756, -157.06, -12.7033, 117.647, 152.792, 0, 
1.33343, -59.5771, -157.071, -12.7029, 117.653, 152.801, 0, 
1.3292, -59.5785, -157.082, -12.7026, 117.66, 152.809, 0, 
1.32511, -59.5799, -157.093, -12.7023, 117.665, 152.816, 0, 
1.32115, -59.5812, -157.104, -12.702, 117.671, 152.824, 0, 
1.31733, -59.5825, -157.114, -12.7017, 117.677, 152.831, 0, 
1.31364, -59.5837, -157.124, -12.7014, 117.682, 152.838, 0, 
1.31007, -59.5849, -157.133, -12.7011, 117.687, 152.845, 0, 
1.30662, -59.5861, -157.142, -12.7008, 117.692, 152.852, 0, 
1.30328, -59.5872, -157.151, -12.7005, 117.697, 152.858, 0, 
1.30006, -59.5883, -157.159, -12.7003, 117.701, 152.864, 0, 
1.29694, -59.5893, -157.168, -12.7, 117.706, 152.87, 0, 
1.29393, -59.5903, -157.176, -12.6998, 117.71, 152.876, 0, 
1.29102, -59.5913, -157.183, -12.6996, 117.714, 152.881, 0, 
1.2882, -59.5922, -157.191, -12.6993, 117.718, 152.887, 0, 
1.28548, -59.5931, -157.198, -12.6991, 117.722, 152.892, 0, 
1.28285, -59.594, -157.205, -12.6989, 117.726, 152.897, 0, 
1.28031, -59.5949, -157.212, -12.6987, 117.73, 152.902, 0, 
1.2781, -59.5956, -157.218, -12.6985, 117.733, 152.906, 0, 
1.28899, -59.6709, -157.235, -12.6715, 117.666, 152.912, 0, 
1.31139, -59.8117, -157.262, -12.621, 117.538, 152.92, 0, 
1.34389, -60.01, -157.298, -12.5497, 117.355, 152.93, 0, 
1.38529, -60.2588, -157.341, -12.4603, 117.126, 152.941, 0, 
1.43451, -60.552, -157.391, -12.3549, 116.854, 152.953, 0, 
1.49061, -60.8842, -157.447, -12.2354, 116.546, 152.967, 0, 
1.55277, -61.2508, -157.509, -12.1035, 116.205, 152.981, 0, 
1.62026, -61.6474, -157.574, -11.9608, 115.836, 152.996, 0, 
1.69243, -62.0706, -157.644, -11.8084, 115.442, 153.012, 0, 
1.76875, -62.5172, -157.718, -11.6476, 115.026, 153.028, 0, 
1.8487, -62.9842, -157.794, -11.4794, 114.591, 153.045, 0, 
1.93186, -63.4692, -157.873, -11.3047, 114.139, 153.063, 0, 
2.01784, -63.9701, -157.955, -11.1242, 113.671, 153.081, 0, 
2.10631, -64.4849, -158.039, -10.9386, 113.191, 153.099, 0, 
2.19696, -65.0119, -158.125, -10.7486, 112.699, 153.117, 0, 
2.28954, -65.5496, -158.212, -10.5547, 112.197, 153.136, 0, 
2.3838, -66.0966, -158.3, -10.3573, 111.686, 153.155, 0, 
2.47953, -66.6519, -158.39, -10.1569, 111.167, 153.175, 0, 
2.57656, -67.2143, -158.481, -9.95394, 110.641, 153.194, 0, 
2.6747, -67.7828, -158.573, -9.74866, 110.109, 153.214, 0, 
2.77381, -68.3567, -158.666, -9.54142, 109.572, 153.234, 0, 
2.87375, -68.9351, -158.76, -9.33249, 109.031, 153.254, 0, 
2.9744, -69.5173, -158.854, -9.12212, 108.486, 153.274, 0, 
3.07565, -70.1028, -158.948, -8.91055, 107.938, 153.294, 0, 
3.17739, -70.6908, -159.043, -8.69798, 107.388, 153.314, 0, 
3.27953, -71.281, -159.139, -8.48461, 106.835, 153.334, 0, 
3.38197, -71.8728, -159.234, -8.27062, 106.281, 153.355, 0, 
3.48464, -72.4657, -159.33, -8.05618, 105.725, 153.375, 0, 
3.58747, -73.0593, -159.426, -7.84145, 105.169, 153.395, 0, 
3.69036, -73.6533, -159.522, -7.62658, 104.612, 153.416, 0, 
3.79327, -74.2471, -159.618, -7.4117, 104.055, 153.436, 0, 
3.89612, -74.8405, -159.713, -7.19696, 103.499, 153.456, 0, 
3.99886, -75.4331, -159.809, -6.98247, 102.943, 153.476, 0, 
4.10141, -76.0246, -159.904, -6.76837, 102.388, 153.497, 0, 
4.20373, -76.6147, -160, -6.55476, 101.835, 153.517, 0, 
4.30576, -77.203, -160.095, -6.34178, 101.283, 153.537, 0, 
4.40744, -77.7892, -160.189, -6.12952, 100.732, 153.557, 0, 
4.50872, -78.3731, -160.283, -5.9181, 100.184, 153.577, 0, 
4.60956, -78.9543, -160.377, -5.70761, 99.6386, 153.596, 0, 
4.7099, -79.5327, -160.47, -5.49817, 99.0955, 153.616, 0, 
4.80969, -80.1078, -160.563, -5.28988, 98.5554, 153.636, 0, 
4.90889, -80.6795, -160.655, -5.08283, 98.0184, 153.655, 0, 
5.00744, -81.2475, -160.747, -4.87711, 97.4849, 153.675, 0, 
5.10532, -81.8116, -160.838, -4.67283, 96.9551, 153.694, 0, 
5.20246, -82.3715, -160.928, -4.47006, 96.4291, 153.713, 0, 
5.29883, -82.9269, -161.018, -4.26891, 95.9073, 153.732, 0, 
5.39439, -83.4777, -161.107, -4.06946, 95.3898, 153.75, 0, 
5.48909, -84.0236, -161.195, -3.87179, 94.8769, 153.769, 0, 
5.58289, -84.5644, -161.282, -3.67598, 94.3688, 153.787, 0, 
5.67577, -85.0999, -161.368, -3.48211, 93.8657, 153.806, 0, 
5.76768, -85.6299, -161.454, -3.29027, 93.3678, 153.824, 0, 
5.85858, -86.1542, -161.538, -3.10051, 92.8754, 153.841, 0, 
5.94844, -86.6725, -161.621, -2.91292, 92.3884, 153.859, 0, 
6.03723, -87.1848, -161.704, -2.72756, 91.9073, 153.876, 0, 
6.12492, -87.6909, -161.785, -2.5445, 91.4321, 153.894, 0, 
6.21148, -88.1905, -161.866, -2.36379, 90.963, 153.911, 0, 
6.29687, -88.6836, -161.945, -2.1855, 90.5001, 153.927, 0, 
6.38108, -89.1701, -162.023, -2.00968, 90.0436, 153.944, 0, 
6.46408, -89.6496, -162.1, -1.83638, 89.5936, 153.96, 0, 
6.54585, -90.1223, -162.176, -1.66564, 89.1503, 153.976, 0, 
6.62636, -90.5878, -162.251, -1.49752, 88.7137, 153.992, 0, 
6.70559, -91.0463, -162.325, -1.33205, 88.2841, 154.008, 0, 
6.78354, -91.4974, -162.397, -1.16927, 87.8614, 154.023, 0, 
6.86017, -91.9412, -162.468, -1.00921, 87.4457, 154.038, 0, 
6.93549, -92.3776, -162.538, -0.851898, 87.0372, 154.053, 0, 
7.00947, -92.8065, -162.607, -0.69736, 86.6359, 154.067, 0, 
7.08212, -93.228, -162.674, -0.545619, 86.2418, 154.081, 0, 
7.1534, -93.6418, -162.74, -0.396691, 85.8551, 154.095, 0, 
7.22334, -94.048, -162.805, -0.250591, 85.4756, 154.109, 0, 
7.29191, -94.4466, -162.869, -0.107327, 85.1036, 154.123, 0, 
7.35911, -94.8375, -162.931, 0.0330914, 84.739, 154.136, 0, 
7.42494, -95.2209, -162.992, 0.170663, 84.3817, 154.149, 0, 
7.48941, -95.5965, -163.052, 0.305387, 84.0318, 154.161, 0, 
7.55252, -95.9645, -163.111, 0.437268, 83.6894, 154.174, 0, 
7.61426, -96.3249, -163.168, 0.566312, 83.3543, 154.186, 0, 
7.67465, -96.6778, -163.224, 0.692529, 83.0265, 154.198, 0, 
7.73369, -97.023, -163.279, 0.815932, 82.7061, 154.209, 0, 
7.79138, -97.3608, -163.333, 0.936537, 82.393, 154.22, 0, 
7.84774, -97.6911, -163.385, 1.05436, 82.087, 154.232, 0, 
7.90279, -98.0139, -163.436, 1.16943, 81.7883, 154.242, 0, 
7.95651, -98.3295, -163.486, 1.28176, 81.4966, 154.253, 0, 
8.00895, -98.6377, -163.535, 1.39138, 81.212, 154.263, 0, 
8.06009, -98.9387, -163.583, 1.49832, 80.9343, 154.273, 0, 
8.10997, -99.2326, -163.629, 1.60261, 80.6636, 154.283, 0, 
8.15859, -99.5194, -163.674, 1.70428, 80.3996, 154.292, 0, 
8.20598, -99.7993, -163.719, 1.80336, 80.1424, 154.302, 0, 
8.25214, -100.072, -163.762, 1.8999, 79.8918, 154.311, 0, 
8.2971, -100.338, -163.803, 1.99392, 79.6477, 154.32, 0, 
8.34088, -100.598, -163.844, 2.08546, 79.4101, 154.328, 0, 
8.38349, -100.851, -163.884, 2.17457, 79.1788, 154.337, 0, 
8.42496, -101.097, -163.923, 2.26128, 78.9537, 154.345, 0, 
8.4653, -101.337, -163.96, 2.34564, 78.7347, 154.353, 0, 
8.50454, -101.571, -163.997, 2.42769, 78.5217, 154.36, 0, 
8.54269, -101.798, -164.032, 2.50746, 78.3146, 154.368, 0, 
8.57978, -102.019, -164.067, 2.58501, 78.1133, 154.375, 0, 
8.61582, -102.235, -164.101, 2.66038, 77.9177, 154.382, 0, 
8.65085, -102.444, -164.133, 2.73362, 77.7276, 154.389, 0, 
8.68487, -102.648, -164.165, 2.80476, 77.5429, 154.396, 0, 
8.71792, -102.846, -164.196, 2.87385, 77.3635, 154.402, 0, 
8.75001, -103.038, -164.226, 2.94093, 77.1894, 154.409, 0, 
8.78116, -103.225, -164.255, 3.00606, 77.0203, 154.415, 0, 
8.81141, -103.407, -164.284, 3.06928, 76.8562, 154.421, 0, 
8.84076, -103.584, -164.311, 3.13063, 76.6969, 154.426, 0, 
8.86924, -103.755, -164.338, 3.19015, 76.5424, 154.432, 0, 
8.89687, -103.921, -164.363, 3.24789, 76.3925, 154.437, 0, 
8.92367, -104.083, -164.389, 3.3039, 76.2471, 154.443, 0, 
8.94966, -104.239, -164.413, 3.35821, 76.106, 154.448, 0, 
8.97487, -104.391, -164.437, 3.41087, 75.9693, 154.453, 0, 
8.99931, -104.539, -164.459, 3.46192, 75.8367, 154.457, 0, 
9.023, -104.681, -164.482, 3.51141, 75.7082, 154.462, 0, 
9.04596, -104.82, -164.503, 3.55938, 75.5836, 154.467, 0, 
9.06822, -104.954, -164.524, 3.60586, 75.4629, 154.471, 0, 
9.08979, -105.084, -164.544, 3.65089, 75.3459, 154.475, 0, 
9.11069, -105.21, -164.564, 3.69453, 75.2326, 154.479, 0, 
9.13093, -105.332, -164.583, 3.7368, 75.1228, 154.483, 0, 
9.15055, -105.45, -164.601, 3.77774, 75.0164, 154.487, 0, 
9.16955, -105.565, -164.619, 3.81739, 74.9134, 154.491, 0, 
9.18795, -105.675, -164.636, 3.85579, 74.8136, 154.494, 0, 
9.20577, -105.782, -164.653, 3.89297, 74.717, 154.498, 0, 
9.22302, -105.886, -164.669, 3.92897, 74.6235, 154.501, 0, 
9.23973, -105.986, -164.684, 3.96383, 74.5329, 154.504, 0, 
9.25591, -106.083, -164.699, 3.99757, 74.4452, 154.508, 0, 
9.27157, -106.177, -164.714, 4.03023, 74.3603, 154.511, 0, 
9.28673, -106.267, -164.728, 4.06184, 74.2781, 154.514, 0, 
9.3014, -106.355, -164.742, 4.09243, 74.1986, 154.517, 0, 
9.31561, -106.44, -164.755, 4.12204, 74.1216, 154.519, 0, 
9.32935, -106.521, -164.768, 4.15069, 74.0471, 154.522, 0, 
9.34266, -106.6, -164.78, 4.17842, 73.975, 154.525, 0, 
9.35553, -106.677, -164.792, 4.20524, 73.9053, 154.527, 0, 
9.36799, -106.75, -164.803, 4.2312, 73.8378, 154.53, 0, 
9.38004, -106.821, -164.815, 4.25631, 73.7724, 154.532, 0, 
9.3917, -106.89, -164.825, 4.2806, 73.7093, 154.534, 0, 
9.40299, -106.956, -164.836, 4.3041, 73.6481, 154.536, 0, 
9.4139, -107.02, -164.846, 4.32683, 73.589, 154.539, 0, 
9.42446, -107.082, -164.856, 4.34882, 73.5318, 154.541, 0, 
9.43468, -107.142, -164.865, 4.37009, 73.4765, 154.543, 0, 
9.44456, -107.199, -164.874, 4.39066, 73.4229, 154.545, 0, 
9.45412, -107.255, -164.883, 4.41055, 73.3712, 154.546, 0, 
9.46336, -107.308, -164.891, 4.42979, 73.3211, 154.548, 0, 
9.47231, -107.36, -164.899, 4.4484, 73.2727, 154.55, 0, 
9.48095, -107.41, -164.907, 4.46639, 73.2258, 154.552, 0, 
9.48932, -107.458, -164.915, 4.48379, 73.1805, 154.553, 0, 
9.49741, -107.504, -164.922, 4.50062, 73.1367, 154.555, 0, 
9.50523, -107.549, -164.929, 4.51689, 73.0944, 154.556, 0, 
9.5128, -107.592, -164.936, 4.53263, 73.0534, 154.558, 0, 
9.52011, -107.634, -164.943, 4.54784, 73.0138, 154.559, 0, 
9.52719, -107.674, -164.949, 4.56255, 72.9755, 154.561, 0, 
9.53403, -107.712, -164.955, 4.57678, 72.9385, 154.562, 0, 
9.54065, -107.75, -164.961, 4.59053, 72.9027, 154.563, 0, 
9.54704, -107.786, -164.967, 4.60383, 72.868, 154.565, 0, 
9.55323, -107.821, -164.973, 4.61668, 72.8346, 154.566, 0, 
9.55921, -107.854, -164.978, 4.62911, 72.8022, 154.567, 0, 
9.56499, -107.886, -164.983, 4.64113, 72.7709, 154.568, 0, 
9.57058, -107.918, -164.988, 4.65275, 72.7406, 154.569, 0, 
9.57598, -107.948, -164.993, 4.66398, 72.7114, 154.57, 0, 
9.58121, -107.977, -164.998, 4.67484, 72.6831, 154.571, 0, 
9.58626, -108.005, -165.002, 4.68533, 72.6557, 154.572, 0, 
9.59115, -108.032, -165.007, 4.69548, 72.6293, 154.573, 0, 
9.59587, -108.058, -165.011, 4.70529, 72.6037, 154.574, 0, 
9.60044, -108.083, -165.015, 4.71478, 72.579, 154.575, 0, 
9.60485, -108.107, -165.019, 4.72395, 72.5552, 154.576, 0, 
9.60912, -108.13, -165.023, 4.73281, 72.5321, 154.577, 0, 
9.61325, -108.153, -165.026, 4.74138, 72.5097, 154.578, 0, 
9.61724, -108.175, -165.03, 4.74966, 72.4882, 154.578, 0, 
9.62109, -108.196, -165.033, 4.75766, 72.4673, 154.579, 0, 
9.62482, -108.216, -165.037, 4.7654, 72.4471, 154.58, 0, 
9.62842, -108.236, -165.04, 4.77288, 72.4276, 154.581, 0, 
9.63191, -108.255, -165.043, 4.78012, 72.4088, 154.581, 0, 
9.63527, -108.273, -165.046, 4.78711, 72.3906, 154.582, 0, 
9.63853, -108.29, -165.049, 4.79386, 72.373, 154.582, 0, 
9.64168, -108.307, -165.051, 4.8004, 72.3559, 154.583, 0, 
9.64472, -108.324, -165.054, 4.80671, 72.3395, 154.584, 0, 
9.64766, -108.34, -165.057, 4.81281, 72.3236, 154.584, 0, 
9.6505, -108.355, -165.059, 4.81871, 72.3082, 154.585, 0, 
9.65325, -108.37, -165.062, 4.82442, 72.2933, 154.585, 0, 
9.65591, -108.384, -165.064, 4.82993, 72.279, 154.586, 0, 
9.65848, -108.398, -165.066, 4.83526, 72.2651, 154.586, 0, 
9.66096, -108.411, -165.068, 4.84041, 72.2517, 154.587, 0, 
9.66336, -108.424, -165.07, 4.84538, 72.2387, 154.587, 0, 
9.66568, -108.436, -165.073, 4.8502, 72.2261, 154.588, 0, 
9.66792, -108.448, -165.074, 4.85485, 72.214, 154.588, 0, 
9.67008, -108.46, -165.076, 4.85934, 72.2023, 154.589, 0, 
9.67218, -108.471, -165.078, 4.86369, 72.191, 154.589, 0, 
9.6742, -108.482, -165.08, 4.86789, 72.18, 154.589, 0, 
9.67616, -108.492, -165.082, 4.87195, 72.1694, 154.59, 0, 
9.67805, -108.502, -165.083, 4.87587, 72.1592, 154.59, 0, 
9.67988, -108.512, -165.085, 4.87967, 72.1493, 154.591, 0, 
9.68165, -108.521, -165.086, 4.88333, 72.1397, 154.591, 0, 
9.68336, -108.53, -165.088, 4.88688, 72.1305, 154.591, 0, 
9.68501, -108.539, -165.089, 4.8903, 72.1216, 154.592, 0, 
9.68661, -108.547, -165.091, 4.89361, 72.1129, 154.592, 0, 
9.68815, -108.555, -165.092, 4.89681, 72.1046, 154.592, 0, 
9.68964, -108.563, -165.093, 4.89991, 72.0965, 154.592, 0, 
9.69109, -108.571, -165.095, 4.9029, 72.0887, 154.593, 0, 
9.69248, -108.578, -165.096, 4.90579, 72.0812, 154.593, 0, 
9.69383, -108.585, -165.097, 4.90858, 72.0739, 154.593, 0, 
9.69513, -108.592, -165.098, 4.91128, 72.0669, 154.594, 0, 
9.69639, -108.599, -165.099, 4.91389, 72.0601, 154.594, 0, 
9.69761, -108.605, -165.1, 4.91641, 72.0535, 154.594, 0, 
9.69878, -108.611, -165.101, 4.91885, 72.0471, 154.594, 0, 
9.69878, -108.611, -165.101, 4.91885, 72.0471, 154.594, 0, 
9.69878, -108.611, -165.101, 4.91885, 72.0471, 154.594, 0, 
9.69878, -108.611, -165.101, 4.91885, 72.0471, 154.594, 0, 
9.69878, -108.611, -165.101, 4.91885, 72.0471, 154.594, 0, 
9.69878, -108.611, -165.101, 4.91885, 72.0471, 154.594, 0, 
9.69878, -108.611, -165.101, 4.91885, 72.0471, 154.594, 0, 
9.69878, -108.611, -165.101, 4.91885, 72.0471, 154.594, 0, 
9.69878, -108.611, -165.101, 4.91885, 72.0471, 154.594, 0, 
9.69878, -108.611, -165.101, 4.91885, 72.0471, 154.594, 0, 
9.69878, -108.611, -165.101, 4.91885, 72.0471, 154.594, 0, 
9.69878, -108.611, -165.101, 4.91885, 72.0471, 154.594, 0, 
9.69878, -108.611, -165.101, 4.91885, 72.0471, 154.594, 0, 
9.69878, -108.611, -165.101, 4.91885, 72.0471, 154.594, 0, 
9.69878, -108.611, -165.101, 4.91885, 72.0471, 154.594, 0, 
9.69878, -108.611, -165.101, 4.91885, 72.0471, 154.594, 0, 
9.69878, -108.611, -165.101, 4.91885, 72.0471, 154.594, 0, 
9.69878, -108.611, -165.101, 4.91885, 72.0471, 154.594, 0, 
9.69878, -108.611, -165.101, 4.91885, 72.0471, 154.594, 0, 
9.69878, -108.611, -165.101, 4.91885, 72.0471, 154.594, 0, 
9.69878, -108.611, -165.101, 4.91885, 72.0471, 154.594, 0, 
9.69878, -108.611, -165.101, 4.91885, 72.0471, 154.594, 0, 
9.69878, -108.611, -165.101, 4.91885, 72.0471, 154.594, 0, 
9.69878, -108.611, -165.101, 4.91885, 72.0471, 154.594, 0, 
9.69878, -108.611, -165.101, 4.91885, 72.0471, 154.594, 0, 
9.69878, -108.611, -165.101, 4.91885, 72.0471, 154.594, 0, 
9.69878, -108.611, -165.101, 4.91885, 72.0471, 154.594, 0, 
9.69878, -108.611, -165.101, 4.91885, 72.0471, 154.594, 0, 
9.69878, -108.611, -165.101, 4.91885, 72.0471, 154.594, 0, 
9.69878, -108.611, -165.101, 4.91885, 72.0471, 154.594, 0, 
9.69878, -108.611, -165.101, 4.91885, 72.0471, 154.594, 0, 
9.69878, -108.611, -165.101, 4.91885, 72.0471, 154.594, 0, 
9.69878, -108.611, -165.101, 4.91885, 72.0471, 154.594, 0, 
9.69878, -108.611, -165.101, 4.91885, 72.0471, 154.594, 0, 
9.69878, -108.611, -165.101, 4.91885, 72.0471, 154.594, 0, 
9.69878, -108.611, -165.101, 4.91885, 72.0471, 154.594, 0, 
9.69878, -108.611, -165.101, 4.91885, 72.0471, 154.594, 0, 
9.69878, -108.611, -165.101, 4.91885, 72.0471, 154.594, 0, 
9.69878, -108.611, -165.101, 4.91885, 72.0471, 154.594, 0, 
9.69878, -108.611, -165.101, 4.91885, 72.0471, 154.594, 0, 
9.69878, -108.611, -165.101, 4.91885, 72.0471, 154.594, 0, 
9.69878, -108.611, -165.101, 4.91885, 72.0471, 154.594, 0, 
9.69878, -108.611, -165.101, 4.91885, 72.0471, 154.594, 0, 
9.69878, -108.611, -165.101, 4.91885, 72.0471, 154.594, 0, 
9.69878, -108.611, -165.101, 4.91885, 72.0471, 154.594, 0, 
9.69878, -108.611, -165.101, 4.91885, 72.0471, 154.594, 0, 
9.69878, -108.611, -165.101, 4.91885, 72.0471, 154.594, 0, 
9.69878, -108.611, -165.101, 4.91885, 72.0471, 154.594, 0, 
9.69878, -108.611, -165.101, 4.91885, 72.0471, 154.594, 0, 
9.69878, -108.611, -165.101, 4.91885, 72.0471, 154.594, 0, 
9.69878, -108.611, -165.101, 4.91885, 72.0471, 154.594, 0, 
9.69878, -108.611, -165.101, 4.91885, 72.0471, 154.594, 0, 
9.69878, -108.611, -165.101, 4.91885, 72.0471, 154.594, 0, 
9.69878, -108.611, -165.101, 4.91885, 72.0471, 154.594, 0, 
9.69878, -108.611, -165.101, 4.91885, 72.0471, 154.594, 0, 
9.69878, -108.611, -165.101, 4.91885, 72.0471, 154.594, 0, 
9.69878, -108.611, -165.101, 4.91885, 72.0471, 154.594, 0, 
9.69878, -108.611, -165.101, 4.91885, 72.0471, 154.594, 0, 
9.69878, -108.611, -165.101, 4.91885, 72.0471, 154.594, 0, 
9.69878, -108.611, -165.101, 4.91885, 72.0471, 154.594, 0, 
9.69878, -108.611, -165.101, 4.91885, 72.0471, 154.594, 0, 
9.69878, -108.611, -165.101, 4.91885, 72.0471, 154.594, 0, 
9.69878, -108.611, -165.101, 4.91885, 72.0471, 154.594, 0, 
9.69878, -108.611, -165.101, 4.91885, 72.0471, 154.594, 0, 
9.69878, -108.611, -165.101, 4.91885, 72.0471, 154.594, 0, 
9.69878, -108.611, -165.101, 4.91885, 72.0471, 154.594, 0, 
9.69878, -108.611, -165.101, 4.91885, 72.0471, 154.594, 0, 
9.69878, -108.611, -165.101, 4.91885, 72.0471, 154.594, 0, 
9.69878, -108.611, -165.101, 4.91885, 72.0471, 154.594, 0, 
9.69878, -108.611, -165.101, 4.91885, 72.0471, 154.594, 0, 
9.69878, -108.611, -165.101, 4.91885, 72.0471, 154.594, 0, 
9.69878, -108.611, -165.101, 4.91885, 72.0471, 154.594, 0, 
9.69878, -108.611, -165.101, 4.91885, 72.0471, 154.594, 0, 
9.69878, -108.611, -165.101, 4.91885, 72.0471, 154.594, 0, 
9.69878, -108.611, -165.101, 4.91885, 72.0471, 154.594, 0, 
9.69878, -108.611, -165.101, 4.91885, 72.0471, 154.594, 0, 
9.69878, -108.611, -165.101, 4.91885, 72.0471, 154.594, 0, 
9.69878, -108.611, -165.101, 4.91885, 72.0471, 154.594, 0, 
9.69878, -108.611, -165.101, 4.91885, 72.0471, 154.594, 0, 
9.69878, -108.611, -165.101, 4.91885, 72.0471, 154.594, 0, 
9.69878, -108.611, -165.101, 4.91885, 72.0471, 154.594, 0, 
9.69878, -108.611, -165.101, 4.91885, 72.0471, 154.594, 0, 
9.6998, -108.617, -165.102, 4.92096, 72.0416, 154.594, 1, 
9.69255, -108.614, -165.102, 4.92009, 72.0439, 154.545, 1, 
9.67793, -108.604, -165.1, 4.91656, 72.0531, 154.451, 1, 
9.65673, -108.588, -165.098, 4.91065, 72.0684, 154.317, 1, 
9.62966, -108.566, -165.094, 4.90263, 72.0893, 154.148, 1, 
9.59736, -108.538, -165.09, 4.89271, 72.1151, 153.948, 1, 
9.5604, -108.506, -165.085, 4.88111, 72.1453, 153.719, 1, 
9.51927, -108.47, -165.079, 4.868, 72.1794, 153.465, 1, 
9.47443, -108.43, -165.073, 4.85355, 72.2169, 153.189, 1, 
9.42628, -108.387, -165.066, 4.83791, 72.2576, 152.894, 1, 
9.37517, -108.341, -165.059, 4.8212, 72.3011, 152.58, 1, 
9.32144, -108.292, -165.051, 4.80353, 72.347, 152.25, 1, 
9.26535, -108.241, -165.043, 4.78502, 72.3952, 151.907, 1, 
9.20717, -108.187, -165.035, 4.76574, 72.4453, 151.55, 1, 
9.14712, -108.132, -165.026, 4.7458, 72.4972, 151.183, 1, 
9.08541, -108.075, -165.017, 4.72524, 72.5506, 150.805, 1, 
9.02221, -108.017, -165.008, 4.70415, 72.6055, 150.419, 1, 
8.95768, -107.957, -164.999, 4.68259, 72.6615, 150.024, 1, 
8.89197, -107.896, -164.989, 4.66059, 72.7187, 149.623, 1, 
8.82521, -107.834, -164.979, 4.63821, 72.7769, 149.215, 1, 
8.75751, -107.771, -164.969, 4.61549, 72.836, 148.801, 1, 
8.68897, -107.707, -164.959, 4.59246, 72.8959, 148.383, 1, 
8.61968, -107.643, -164.949, 4.56917, 72.9565, 147.96, 1, 
8.54972, -107.577, -164.939, 4.54563, 73.0177, 147.533, 1, 
8.47917, -107.511, -164.928, 4.52188, 73.0794, 147.102, 1, 
8.40808, -107.445, -164.918, 4.49793, 73.1417, 146.668, 1, 
8.33653, -107.378, -164.908, 4.47382, 73.2044, 146.232, 1, 
8.26455, -107.31, -164.897, 4.44955, 73.2675, 145.792, 1, 
8.1922, -107.242, -164.886, 4.42514, 73.3309, 145.351, 1, 
8.11951, -107.174, -164.876, 4.40061, 73.3947, 144.908, 1, 
8.04652, -107.106, -164.865, 4.37598, 73.4588, 144.462, 1, 
7.97326, -107.037, -164.854, 4.35124, 73.5231, 144.015, 1, 
7.89977, -106.968, -164.843, 4.32642, 73.5876, 143.567, 1, 
7.82606, -106.899, -164.832, 4.30152, 73.6523, 143.118, 1, 
7.75217, -106.829, -164.821, 4.27656, 73.7172, 142.667, 1, 
7.6781, -106.759, -164.81, 4.25153, 73.7823, 142.215, 1, 
7.60389, -106.69, -164.799, 4.22645, 73.8475, 141.763, 1, 
7.52953, -106.62, -164.788, 4.20132, 73.9129, 141.309, 1, 
7.45507, -106.55, -164.777, 4.17614, 73.9783, 140.855, 1, 
7.38049, -106.479, -164.766, 4.15093, 74.0439, 140.4, 1, 
7.30582, -106.409, -164.755, 4.12568, 74.1095, 139.945, 1, 
7.23106, -106.339, -164.744, 4.1004, 74.1752, 139.489, 1, 
7.15623, -106.268, -164.733, 4.07509, 74.241, 139.033, 1, 
7.08133, -106.198, -164.722, 4.04976, 74.3069, 138.576, 1, 
7.00637, -106.127, -164.711, 4.02441, 74.3728, 138.119, 1, 
6.93135, -106.056, -164.7, 3.99903, 74.4387, 137.662, 1, 
6.85629, -105.986, -164.689, 3.97364, 74.5047, 137.204, 1, 
6.78118, -105.915, -164.678, 3.94824, 74.5708, 136.746, 1, 
6.70604, -105.844, -164.667, 3.92282, 74.6369, 136.288, 1, 
6.63087, -105.773, -164.656, 3.89739, 74.703, 135.829, 1, 
6.55566, -105.703, -164.644, 3.87194, 74.7691, 135.371, 1, 
6.48042, -105.632, -164.633, 3.84649, 74.8353, 134.912, 1, 
6.40517, -105.561, -164.622, 3.82103, 74.9015, 134.453, 1, 
6.32989, -105.49, -164.611, 3.79556, 74.9677, 133.994, 1, 
6.25459, -105.419, -164.6, 3.77008, 75.0339, 133.535, 1, 
6.17927, -105.348, -164.589, 3.7446, 75.1002, 133.075, 1, 
6.10394, -105.277, -164.578, 3.71911, 75.1664, 132.616, 1, 
6.0286, -105.206, -164.567, 3.69362, 75.2327, 132.156, 1, 
5.95324, -105.135, -164.555, 3.66812, 75.299, 131.697, 1, 
5.87787, -105.064, -164.544, 3.64262, 75.3653, 131.237, 1, 
5.8025, -104.993, -164.533, 3.61711, 75.4316, 130.777, 1, 
5.72711, -104.922, -164.522, 3.5916, 75.4979, 130.318, 1, 
5.65172, -104.851, -164.511, 3.56609, 75.5642, 129.858, 1, 
5.57632, -104.78, -164.5, 3.54058, 75.6306, 129.398, 1, 
5.50092, -104.709, -164.488, 3.51506, 75.6969, 128.938, 1, 
5.4255, -104.638, -164.477, 3.48954, 75.7632, 128.478, 1, 
5.35009, -104.567, -164.466, 3.46403, 75.8296, 128.018, 1, 
5.27467, -104.496, -164.455, 3.4385, 75.8959, 127.558, 1, 
5.19925, -104.425, -164.444, 3.41298, 75.9623, 127.098, 1, 
5.12382, -104.354, -164.433, 3.38746, 76.0286, 126.638, 1, 
5.04839, -104.283, -164.421, 3.36193, 76.095, 126.178, 1, 
4.97296, -104.212, -164.41, 3.33641, 76.1613, 125.718, 1, 
4.89752, -104.141, -164.399, 3.31088, 76.2277, 125.257, 1, 
4.82209, -104.07, -164.388, 3.28535, 76.2941, 124.797, 1, 
4.74665, -103.999, -164.377, 3.25983, 76.3604, 124.337, 1, 
4.67121, -103.927, -164.366, 3.2343, 76.4268, 123.877, 1, 
4.59577, -103.856, -164.355, 3.20877, 76.4932, 123.416, 1, 
4.52032, -103.785, -164.343, 3.18324, 76.5595, 122.956, 1, 
4.44488, -103.714, -164.332, 3.15771, 76.6259, 122.496, 1, 
4.36943, -103.643, -164.321, 3.13218, 76.6923, 122.036, 1, 
4.29399, -103.572, -164.31, 3.10665, 76.7586, 121.575, 1, 
4.21854, -103.501, -164.299, 3.08112, 76.825, 121.115, 1, 
4.14309, -103.43, -164.288, 3.05559, 76.8914, 120.655, 1, 
4.06764, -103.359, -164.276, 3.03006, 76.9578, 120.194, 1, 
3.9922, -103.288, -164.265, 3.00452, 77.0241, 119.734, 1, 
3.91675, -103.217, -164.254, 2.97899, 77.0905, 119.274, 1, 
3.8413, -103.146, -164.243, 2.95346, 77.1569, 118.813, 1, 
3.76585, -103.075, -164.232, 2.92793, 77.2233, 118.353, 1, 
3.6904, -103.004, -164.221, 2.9024, 77.2896, 117.892, 1, 
3.61495, -102.933, -164.209, 2.87687, 77.356, 117.432, 1, 
3.5395, -102.862, -164.198, 2.85133, 77.4224, 116.972, 1, 
3.46405, -102.791, -164.187, 2.8258, 77.4888, 116.511, 1, 
3.3886, -102.719, -164.176, 2.80027, 77.5552, 116.051, 1, 
3.31315, -102.648, -164.165, 2.77474, 77.6215, 115.59, 1, 
3.23769, -102.577, -164.154, 2.7492, 77.6879, 115.13, 1, 
3.16224, -102.506, -164.142, 2.72367, 77.7543, 114.669, 1, 
3.08679, -102.435, -164.131, 2.69814, 77.8207, 114.209, 1, 
3.01134, -102.364, -164.12, 2.67261, 77.887, 113.748, 1, 
2.93589, -102.293, -164.109, 2.64707, 77.9534, 113.288, 1, 
2.86044, -102.222, -164.098, 2.62154, 78.0198, 112.827, 1, 
2.78499, -102.151, -164.087, 2.59601, 78.0862, 112.367, 1, 
2.70953, -102.08, -164.075, 2.57048, 78.1525, 111.906, 1, 
2.63408, -102.009, -164.064, 2.54494, 78.2189, 111.446, 1, 
2.55863, -101.938, -164.053, 2.51941, 78.2853, 110.985, 1, 
2.48318, -101.867, -164.042, 2.49388, 78.3517, 110.525, 1, 
2.40773, -101.796, -164.031, 2.46835, 78.418, 110.064, 1, 
2.33228, -101.725, -164.02, 2.44281, 78.4844, 109.604, 1, 
2.25683, -101.654, -164.009, 2.41728, 78.5508, 109.143, 1, 
2.18137, -101.583, -163.997, 2.39175, 78.6172, 108.683, 1, 
2.10592, -101.512, -163.986, 2.36622, 78.6835, 108.222, 1, 
2.03047, -101.441, -163.975, 2.34068, 78.7499, 107.762, 1, 
1.95502, -101.37, -163.964, 2.31515, 78.8163, 107.301, 1, 
1.87957, -101.298, -163.953, 2.28962, 78.8827, 106.84, 1, 
1.80412, -101.227, -163.942, 2.26409, 78.949, 106.38, 1, 
1.72867, -101.156, -163.93, 2.23855, 79.0154, 105.919, 1, 
1.65322, -101.085, -163.919, 2.21302, 79.0818, 105.459, 1, 
1.57777, -101.014, -163.908, 2.18749, 79.1482, 104.998, 1, 
1.50231, -100.943, -163.897, 2.16196, 79.2145, 104.537, 1, 
1.42686, -100.872, -163.886, 2.13642, 79.2809, 104.077, 1, 
1.35141, -100.801, -163.875, 2.11089, 79.3473, 103.616, 1, 
1.27596, -100.73, -163.863, 2.08536, 79.4137, 103.156, 1, 
1.20051, -100.659, -163.852, 2.05983, 79.48, 102.695, 1, 
1.12506, -100.588, -163.841, 2.03429, 79.5464, 102.234, 1, 
1.04961, -100.517, -163.83, 2.00876, 79.6128, 101.774, 1, 
0.974158, -100.446, -163.819, 1.98323, 79.6792, 101.313, 1, 
0.898707, -100.375, -163.808, 1.9577, 79.7456, 100.852, 1, 
0.823257, -100.304, -163.796, 1.93217, 79.8119, 100.392, 1, 
0.747806, -100.233, -163.785, 1.90663, 79.8783, 99.9311, 1, 
0.672356, -100.162, -163.774, 1.8811, 79.9447, 99.4705, 1, 
0.596905, -100.091, -163.763, 1.85557, 80.0111, 99.0098, 1, 
0.521454, -100.02, -163.752, 1.83004, 80.0774, 98.5492, 1, 
0.446004, -99.9487, -163.741, 1.8045, 80.1438, 98.0885, 1, 
0.370553, -99.8777, -163.73, 1.77897, 80.2102, 97.6278, 1, 
0.295103, -99.8066, -163.718, 1.75344, 80.2766, 97.1671, 1, 
0.219652, -99.7356, -163.707, 1.72791, 80.3429, 96.7064, 1, 
0.144202, -99.6646, -163.696, 1.70238, 80.4093, 96.2457, 1, 
0.0687515, -99.5935, -163.685, 1.67684, 80.4757, 95.785, 1, 
-0.00669891, -99.5225, -163.674, 1.65131, 80.5421, 95.3243, 1, 
-0.0821493, -99.4514, -163.663, 1.62578, 80.6084, 94.8636, 1, 
-0.1576, -99.3804, -163.651, 1.60025, 80.6748, 94.4029, 1, 
-0.23305, -99.3094, -163.64, 1.57471, 80.7412, 93.9422, 1, 
-0.308501, -99.2384, -163.629, 1.54918, 80.8076, 93.4815, 1, 
-0.383951, -99.1673, -163.618, 1.52365, 80.8739, 93.0207, 1, 
-0.459402, -99.0963, -163.607, 1.49812, 80.9403, 92.56, 1, 
-0.534852, -99.0252, -163.596, 1.47259, 81.0067, 92.0993, 1, 
-0.610302, -98.9542, -163.584, 1.44705, 81.0731, 91.6385, 1, 
-0.685753, -98.8832, -163.573, 1.42152, 81.1394, 91.1778, 1, 
-0.761203, -98.8121, -163.562, 1.39599, 81.2058, 90.7171, 1, 
-0.836654, -98.7411, -163.551, 1.37046, 81.2722, 90.2563, 1, 
-0.912105, -98.6701, -163.54, 1.34493, 81.3386, 89.7956, 1, 
-0.987555, -98.599, -163.529, 1.31939, 81.4049, 89.3348, 1, 
-1.06301, -98.528, -163.517, 1.29386, 81.4713, 88.874, 1, 
-1.13846, -98.457, -163.506, 1.26833, 81.5377, 88.4133, 1, 
-1.21391, -98.3859, -163.495, 1.2428, 81.6041, 87.9525, 1, 
-1.28936, -98.3149, -163.484, 1.21726, 81.6705, 87.4917, 1, 
-1.36481, -98.2439, -163.473, 1.19173, 81.7368, 87.031, 1, 
-1.44026, -98.1728, -163.462, 1.1662, 81.8032, 86.5702, 1, 
-1.51571, -98.1018, -163.451, 1.14067, 81.8696, 86.1094, 1, 
-1.59116, -98.0308, -163.439, 1.11513, 81.936, 85.6486, 1, 
-1.66661, -97.9597, -163.428, 1.0896, 82.0023, 85.1878, 1, 
-1.74206, -97.8887, -163.417, 1.06407, 82.0687, 84.727, 1, 
-1.81752, -97.8177, -163.406, 1.03854, 82.1351, 84.2662, 1, 
-1.89297, -97.7466, -163.395, 1.01301, 82.2015, 83.8054, 1, 
-1.96842, -97.6756, -163.384, 0.987473, 82.2678, 83.3446, 1, 
-2.04387, -97.6046, -163.372, 0.96194, 82.3342, 82.8838, 1, 
-2.11932, -97.5335, -163.361, 0.936408, 82.4006, 82.423, 1, 
-2.19477, -97.4625, -163.35, 0.910875, 82.467, 81.9622, 1, 
-2.27023, -97.3915, -163.339, 0.885342, 82.5333, 81.5014, 1, 
-2.34568, -97.3204, -163.328, 0.859809, 82.5997, 81.0405, 1, 
-2.42113, -97.2494, -163.317, 0.834277, 82.6661, 80.5797, 1, 
-2.49658, -97.1784, -163.305, 0.808744, 82.7325, 80.1189, 1, 
-2.57204, -97.1073, -163.294, 0.783211, 82.7988, 79.6581, 1, 
-2.64749, -97.0363, -163.283, 0.757678, 82.8652, 79.1972, 1, 
-2.72294, -96.9653, -163.272, 0.732145, 82.9316, 78.7364, 1, 
-2.7984, -96.8942, -163.261, 0.706612, 82.998, 78.2756, 1, 
-2.87385, -96.8232, -163.25, 0.681079, 83.0643, 77.8147, 1, 
-2.9493, -96.7522, -163.238, 0.655545, 83.1307, 77.3539, 1, 
-3.02476, -96.6811, -163.227, 0.630012, 83.1971, 76.893, 1, 
-3.10021, -96.6101, -163.216, 0.604478, 83.2635, 76.4322, 1, 
-3.17567, -96.5391, -163.205, 0.578945, 83.3299, 75.9713, 1, 
-3.25112, -96.468, -163.194, 0.553411, 83.3963, 75.5104, 1, 
-3.32658, -96.397, -163.183, 0.527877, 83.4626, 75.0496, 1, 
-3.40203, -96.326, -163.172, 0.502344, 83.529, 74.5887, 1, 
-3.47749, -96.2549, -163.16, 0.47681, 83.5954, 74.1278, 1, 
-3.55295, -96.1839, -163.149, 0.451275, 83.6618, 73.667, 1, 
-3.6284, -96.1129, -163.138, 0.425741, 83.7282, 73.2061, 1, 
-3.70386, -96.0418, -163.127, 0.400207, 83.7946, 72.7452, 1, 
-3.77932, -95.9708, -163.116, 0.374672, 83.8609, 72.2843, 1, 
-3.85478, -95.8998, -163.105, 0.349138, 83.9273, 71.8234, 1, 
-3.93023, -95.8287, -163.093, 0.323603, 83.9937, 71.3625, 1, 
-4.00569, -95.7577, -163.082, 0.298068, 84.0601, 70.9016, 1, 
-4.08115, -95.6866, -163.071, 0.272533, 84.1265, 70.4407, 1, 
-4.15661, -95.6156, -163.06, 0.246998, 84.1928, 69.9798, 1, 
-4.23207, -95.5446, -163.049, 0.221462, 84.2592, 69.5189, 1, 
-4.30753, -95.4735, -163.038, 0.195926, 84.3256, 69.058, 1, 
-4.383, -95.4025, -163.026, 0.170391, 84.392, 68.5971, 1, 
-4.45846, -95.3314, -163.015, 0.144855, 84.4584, 68.1361, 1, 
-4.53392, -95.2604, -163.004, 0.119318, 84.5248, 67.6752, 1, 
-4.60938, -95.1894, -162.993, 0.0937818, 84.5912, 67.2143, 1, 
-4.68485, -95.1183, -162.982, 0.0682451, 84.6576, 66.7534, 1, 
-4.76031, -95.0473, -162.971, 0.0427081, 84.7239, 66.2924, 1, 
-4.83578, -94.9762, -162.959, 0.0171709, 84.7903, 65.8315, 1, 
-4.91124, -94.9052, -162.948, -0.00836655, 84.8567, 65.3705, 1, 
-4.98671, -94.8341, -162.937, -0.0339043, 84.9231, 64.9096, 1, 
-5.06218, -94.7631, -162.926, -0.0594423, 84.9895, 64.4486, 1, 
-5.13765, -94.6921, -162.915, -0.0849806, 85.0559, 63.9876, 1, 
-5.21312, -94.621, -162.904, -0.110519, 85.1223, 63.5267, 1, 
-5.28859, -94.55, -162.892, -0.136058, 85.1887, 63.0657, 1, 
-5.36406, -94.4789, -162.881, -0.161597, 85.2551, 62.6047, 1, 
-5.43953, -94.4079, -162.87, -0.187137, 85.3215, 62.1437, 1, 
-5.51501, -94.3368, -162.859, -0.212677, 85.3879, 61.6827, 1, 
-5.59048, -94.2658, -162.848, -0.238217, 85.4543, 61.2217, 1, 
-5.66596, -94.1947, -162.837, -0.263758, 85.5207, 60.7607, 1, 
-5.74144, -94.1236, -162.826, -0.289299, 85.5871, 60.2997, 1, 
-5.81691, -94.0526, -162.814, -0.314841, 85.6535, 59.8386, 1, 
-5.89239, -93.9815, -162.803, -0.340383, 85.7199, 59.3776, 1, 
-5.96787, -93.9105, -162.792, -0.365925, 85.7863, 58.9166, 1, 
-6.04336, -93.8394, -162.781, -0.391468, 85.8527, 58.4555, 1, 
-6.11884, -93.7684, -162.77, -0.417011, 85.9191, 57.9945, 1, 
-6.19433, -93.6973, -162.759, -0.442555, 85.9855, 57.5334, 1, 
-6.26981, -93.6262, -162.747, -0.4681, 86.0519, 57.0724, 1, 
-6.3453, -93.5552, -162.736, -0.493645, 86.1183, 56.6113, 1, 
-6.42079, -93.4841, -162.725, -0.51919, 86.1847, 56.1502, 1, 
-6.49628, -93.413, -162.714, -0.544736, 86.2511, 55.6891, 1, 
-6.57178, -93.342, -162.703, -0.570283, 86.3176, 55.228, 1, 
-6.64727, -93.2709, -162.692, -0.59583, 86.384, 54.7669, 1, 
-6.72277, -93.1998, -162.68, -0.621378, 86.4504, 54.3058, 1, 
-6.79827, -93.1288, -162.669, -0.646927, 86.5168, 53.8446, 1, 
-6.87377, -93.0577, -162.658, -0.672476, 86.5832, 53.3835, 1, 
-6.94927, -92.9866, -162.647, -0.698026, 86.6496, 52.9223, 1, 
-7.02478, -92.9155, -162.636, -0.723577, 86.7161, 52.4611, 1, 
-7.10029, -92.8444, -162.625, -0.749128, 86.7825, 51.9999, 1, 
-7.1758, -92.7734, -162.613, -0.774681, 86.8489, 51.5387, 1, 
-7.25131, -92.7023, -162.602, -0.800234, 86.9154, 51.0775, 1, 
-7.32683, -92.6312, -162.591, -0.825788, 86.9818, 50.6163, 1, 
-7.40234, -92.5601, -162.58, -0.851342, 87.0482, 50.1551, 1, 
-7.47786, -92.489, -162.569, -0.876898, 87.1147, 49.6938, 1, 
-7.55339, -92.4179, -162.558, -0.902455, 87.1811, 49.2325, 1, 
-7.62891, -92.3468, -162.546, -0.928013, 87.2476, 48.7713, 1, 
-7.70444, -92.2757, -162.535, -0.953571, 87.314, 48.31, 1, 
-7.77997, -92.2046, -162.524, -0.979131, 87.3805, 47.8486, 1, 
-7.85551, -92.1335, -162.513, -1.00469, 87.4469, 47.3873, 1, 
-7.93105, -92.0624, -162.502, -1.03025, 87.5134, 46.926, 1, 
-8.00659, -91.9913, -162.491, -1.05582, 87.5798, 46.4646, 1, 
-8.08214, -91.9201, -162.479, -1.08138, 87.6463, 46.0032, 1, 
-8.15769, -91.849, -162.468, -1.10695, 87.7127, 45.5418, 1, 
-8.23324, -91.7779, -162.457, -1.13251, 87.7792, 45.0804, 1, 
-8.3088, -91.7068, -162.446, -1.15808, 87.8457, 44.6189, 1, 
-8.38436, -91.6356, -162.435, -1.18365, 87.9122, 44.1574, 1, 
-8.45992, -91.5645, -162.424, -1.20922, 87.9786, 43.6959, 1, 
-8.53549, -91.4934, -162.412, -1.23479, 88.0451, 43.2344, 1, 
-8.61106, -91.4222, -162.401, -1.26037, 88.1116, 42.7729, 1, 
-8.68664, -91.3511, -162.39, -1.28594, 88.1781, 42.3113, 1, 
-8.76223, -91.2799, -162.379, -1.31152, 88.2446, 41.8497, 1, 
-8.83781, -91.2088, -162.368, -1.3371, 88.3111, 41.3881, 1, 
-8.91341, -91.1376, -162.357, -1.36268, 88.3776, 40.9264, 1, 
-8.989, -91.0664, -162.345, -1.38826, 88.4441, 40.4647, 1, 
-9.06461, -90.9953, -162.334, -1.41384, 88.5106, 40.003, 1, 
-9.14022, -90.9241, -162.323, -1.43943, 88.5771, 39.5413, 1, 
-9.21583, -90.8529, -162.312, -1.46502, 88.6436, 39.0795, 1, 
-9.29145, -90.7817, -162.301, -1.49061, 88.7102, 38.6177, 1, 
-9.36708, -90.7105, -162.289, -1.5162, 88.7767, 38.1559, 1, 
-9.44271, -90.6393, -162.278, -1.54179, 88.8432, 37.694, 1, 
-9.51835, -90.5681, -162.267, -1.56739, 88.9098, 37.2321, 1, 
-9.594, -90.4969, -162.256, -1.59299, 88.9763, 36.7701, 1, 
-9.66965, -90.4257, -162.245, -1.61859, 89.0429, 36.3081, 1, 
-9.74531, -90.3545, -162.234, -1.64419, 89.1094, 35.8461, 1, 
-9.82098, -90.2833, -162.222, -1.6698, 89.176, 35.384, 1, 
-9.89665, -90.212, -162.211, -1.6954, 89.2426, 34.9219, 1, 
-9.97233, -90.1408, -162.2, -1.72101, 89.3092, 34.4598, 1, 
-10.048, -90.0695, -162.189, -1.74663, 89.3757, 33.9976, 1, 
-10.1237, -89.9983, -162.178, -1.77224, 89.4423, 33.5353, 1, 
-10.1994, -89.927, -162.166, -1.79786, 89.5089, 33.073, 1, 
-10.2751, -89.8557, -162.155, -1.82348, 89.5755, 32.6107, 1, 
-10.3509, -89.7844, -162.144, -1.84911, 89.6422, 32.1483, 1, 
-10.4266, -89.7131, -162.133, -1.87474, 89.7088, 31.6859, 1, 
-10.5023, -89.6418, -162.122, -1.90037, 89.7754, 31.2234, 1, 
-10.5781, -89.5705, -162.11, -1.926, 89.8421, 30.7608, 1, 
-10.6539, -89.4992, -162.099, -1.95164, 89.9087, 30.2982, 1, 
-10.7296, -89.4279, -162.088, -1.97728, 89.9754, 29.8355, 1, 
-10.8054, -89.3565, -162.077, -2.00293, 90.0421, 29.3728, 1, 
-10.8812, -89.2852, -162.066, -2.02858, 90.1087, 28.91, 1, 
-10.957, -89.2138, -162.054, -2.05423, 90.1754, 28.4471, 1, 
-11.0328, -89.1424, -162.043, -2.07989, 90.2421, 27.9842, 1, 
-11.1087, -89.0711, -162.032, -2.10555, 90.3089, 27.5212, 1, 
-11.1845, -88.9997, -162.021, -2.13121, 90.3756, 27.0581, 1, 
-11.2604, -88.9283, -162.009, -2.15688, 90.4423, 26.595, 1, 
-11.3362, -88.8568, -161.998, -2.18256, 90.509, 26.1317, 1, 
-11.4121, -88.7854, -161.987, -2.20823, 90.5758, 25.6684, 1, 
-11.488, -88.714, -161.976, -2.23392, 90.6426, 25.2051, 1, 
-11.5639, -88.6425, -161.965, -2.2596, 90.7094, 24.7416, 1, 
-11.6399, -88.571, -161.953, -2.2853, 90.7762, 24.278, 1, 
-11.7158, -88.4995, -161.942, -2.31099, 90.843, 23.8144, 1, 
-11.7918, -88.428, -161.931, -2.3367, 90.9098, 23.3507, 1, 
-11.8677, -88.3565, -161.92, -2.36241, 90.9766, 22.8869, 1, 
-11.9437, -88.285, -161.908, -2.38812, 91.0435, 22.423, 1, 
-12.0197, -88.2134, -161.897, -2.41384, 91.1103, 21.9589, 1, 
-12.0957, -88.1419, -161.886, -2.43957, 91.1772, 21.4948, 1, 
-12.1718, -88.0703, -161.875, -2.4653, 91.2441, 21.0306, 1, 
-12.2478, -87.9987, -161.863, -2.49104, 91.311, 20.5663, 1, 
-12.3239, -87.9271, -161.852, -2.51678, 91.3779, 20.1019, 1, 
-12.4, -87.8554, -161.841, -2.54253, 91.4449, 19.6373, 1, 
-12.4761, -87.7838, -161.83, -2.56829, 91.5118, 19.1726, 1, 
-12.5523, -87.7121, -161.818, -2.59405, 91.5788, 18.7079, 1, 
-12.6284, -87.6404, -161.807, -2.61982, 91.6458, 18.243, 1, 
-12.7046, -87.5687, -161.796, -2.6456, 91.7129, 17.7779, 1, 
-12.7808, -87.497, -161.785, -2.67139, 91.7799, 17.3128, 1, 
-12.857, -87.4252, -161.773, -2.69718, 91.8469, 16.8475, 1, 
-12.9333, -87.3535, -161.762, -2.72298, 91.914, 16.382, 1, 
-13.0095, -87.2817, -161.751, -2.74879, 91.9811, 15.9165, 1, 
-13.0858, -87.2098, -161.74, -2.77461, 92.0482, 15.4508, 1, 
-13.1622, -87.138, -161.728, -2.80044, 92.1154, 14.9849, 1, 
-13.2385, -87.0661, -161.717, -2.82628, 92.1826, 14.5189, 1, 
-13.3149, -86.9942, -161.706, -2.85212, 92.2497, 14.0527, 1, 
-13.3913, -86.9223, -161.694, -2.87797, 92.317, 13.5864, 1, 
-13.4677, -86.8504, -161.683, -2.90384, 92.3842, 13.1199, 1, 
-13.5442, -86.7784, -161.672, -2.92971, 92.4515, 12.6532, 1, 
-13.6207, -86.7064, -161.66, -2.95559, 92.5187, 12.1864, 1, 
-13.6972, -86.6343, -161.649, -2.98149, 92.5861, 11.7193, 1, 
-13.7737, -86.5623, -161.638, -3.00739, 92.6534, 11.2521, 1, 
-13.8503, -86.4902, -161.627, -3.0333, 92.7208, 10.7847, 1, 
-13.9269, -86.4181, -161.615, -3.05923, 92.7882, 10.3171, 1, 
-14.0036, -86.3459, -161.604, -3.08517, 92.8556, 9.84936, 1, 
-14.0802, -86.2737, -161.593, -3.11111, 92.9231, 9.38137, 1, 
-14.157, -86.2015, -161.581, -3.13708, 92.9906, 8.91317, 1, 
-14.2337, -86.1293, -161.57, -3.16305, 93.0581, 8.44476, 1, 
-14.3105, -86.057, -161.558, -3.18903, 93.1256, 7.97612, 1, 
-14.3873, -85.9847, -161.547, -3.21503, 93.1932, 7.50727, 1, 
-14.4642, -85.9123, -161.536, -3.24104, 93.2609, 7.03818, 1, 
-14.5411, -85.8399, -161.524, -3.26707, 93.3285, 6.56885, 1, 
-14.6181, -85.7675, -161.513, -3.29311, 93.3962, 6.09928, 1, 
-14.695, -85.695, -161.502, -3.31916, 93.4639, 5.62946, 1, 
-14.7721, -85.6225, -161.49, -3.34523, 93.5317, 5.15938, 1, 
-14.8492, -85.5499, -161.479, -3.37131, 93.5995, 4.68905, 1, 
-14.9263, -85.4773, -161.467, -3.39741, 93.6674, 4.21844, 1, 
-15.0034, -85.4047, -161.456, -3.42352, 93.7353, 3.74756, 1, 
-15.0807, -85.332, -161.445, -3.44965, 93.8032, 3.27639, 1, 
-15.1579, -85.2593, -161.433, -3.47579, 93.8712, 2.80494, 1, 
-15.2352, -85.1865, -161.422, -3.50196, 93.9392, 2.33319, 1, 
-15.3126, -85.1137, -161.41, -3.52814, 94.0072, 1.86114, 1, 
-15.39, -85.0408, -161.399, -3.55433, 94.0753, 1.38877, 1, 
-15.4675, -84.9679, -161.387, -3.58055, 94.1435, 0.916086, 1, 
-15.545, -84.8949, -161.376, -3.60678, 94.2117, 0.443075, 1, 
-15.6226, -84.8219, -161.364, -3.63304, 94.28, -0.0302713, 1, 
-15.7002, -84.7488, -161.353, -3.65931, 94.3483, -0.50396, 1, 
-15.7779, -84.6756, -161.342, -3.6856, 94.4166, -0.978, 1, 
-15.8557, -84.6024, -161.33, -3.71191, 94.485, -1.4524, 1, 
-15.9335, -84.5292, -161.319, -3.73825, 94.5535, -1.92717, 1, 
-16.0114, -84.4559, -161.307, -3.7646, 94.622, -2.40231, 1, 
-16.0893, -84.3825, -161.295, -3.79098, 94.6906, -2.87784, 1, 
-16.1673, -84.309, -161.284, -3.81738, 94.7592, -3.35377, 1, 
-16.2454, -84.2356, -161.272, -3.8438, 94.8279, -3.8301, 1, 
-16.3236, -84.162, -161.261, -3.87025, 94.8966, -4.30685, 1, 
-16.4018, -84.0884, -161.249, -3.89671, 94.9655, -4.78401, 1, 
-16.4801, -84.0147, -161.238, -3.92321, 95.0343, -5.26162, 1, 
-16.5584, -83.9409, -161.226, -3.94973, 95.1033, -5.73966, 1, 
-16.6369, -83.867, -161.215, -3.97627, 95.1723, -6.21816, 1, 
-16.7154, -83.7931, -161.203, -4.00284, 95.2414, -6.69713, 1, 
-16.794, -83.7191, -161.191, -4.02944, 95.3105, -7.17657, 1, 
-16.8727, -83.6451, -161.18, -4.05607, 95.3797, -7.6565, 1, 
-16.9515, -83.5709, -161.168, -4.08272, 95.449, -8.13692, 1, 
-17.0303, -83.4967, -161.156, -4.1094, 95.5184, -8.61785, 1, 
-17.1092, -83.4224, -161.145, -4.13611, 95.5878, -9.09931, 1, 
-17.1883, -83.348, -161.133, -4.16285, 95.6574, -9.5813, 1, 
-17.2674, -83.2735, -161.121, -4.18963, 95.727, -10.0638, 1, 
-17.3466, -83.199, -161.11, -4.21643, 95.7966, -10.5469, 1, 
-17.4259, -83.1243, -161.098, -4.24326, 95.8664, -11.0306, 1, 
-17.5053, -83.0496, -161.086, -4.27013, 95.9363, -11.5148, 1, 
-17.5848, -82.9747, -161.074, -4.29703, 96.0062, -11.9996, 1, 
-17.6644, -82.8998, -161.063, -4.32397, 96.0762, -12.4851, 1, 
-17.7441, -82.8248, -161.051, -4.35094, 96.1463, -12.9712, 1, 
-17.8239, -82.7496, -161.039, -4.37795, 96.2166, -13.4579, 1, 
-17.9038, -82.6744, -161.027, -4.40499, 96.2869, -13.9452, 1, 
-17.9838, -82.5991, -161.015, -4.43207, 96.3573, -14.4332, 1, 
-18.064, -82.5236, -161.004, -4.45919, 96.4278, -14.9219, 1, 
-18.1442, -82.4481, -160.992, -4.48635, 96.4984, -15.4113, 1, 
-18.2246, -82.3724, -160.98, -4.51355, 96.5691, -15.9014, 1, 
-18.3051, -82.2967, -160.968, -4.54079, 96.6399, -16.3922, 1, 
-18.3857, -82.2208, -160.956, -4.56807, 96.7108, -16.8838, 1, 
-18.4665, -82.1448, -160.944, -4.59539, 96.7819, -17.3761, 1, 
-18.5473, -82.0686, -160.932, -4.62276, 96.853, -17.8692, 1, 
-18.6283, -81.9924, -160.92, -4.65017, 96.9243, -18.363, 1, 
-18.7095, -81.916, -160.908, -4.67763, 96.9957, -18.8577, 1, 
-18.7907, -81.8395, -160.896, -4.70513, 97.0671, -19.3532, 1, 
-18.8722, -81.7629, -160.884, -4.73268, 97.1388, -19.8496, 1, 
-18.9537, -81.6861, -160.872, -4.76028, 97.2105, -20.3468, 1, 
-19.0354, -81.6092, -160.86, -4.78792, 97.2824, -20.8448, 1, 
-19.1173, -81.5321, -160.848, -4.81562, 97.3544, -21.3438, 1, 
-19.1993, -81.4549, -160.836, -4.84337, 97.4265, -21.8437, 1, 
-19.2814, -81.3776, -160.824, -4.87117, 97.4988, -22.3445, 1, 
-19.3637, -81.3001, -160.811, -4.89903, 97.5712, -22.8462, 1, 
-19.4462, -81.2225, -160.799, -4.92694, 97.6438, -23.349, 1, 
-19.5288, -81.1447, -160.787, -4.9549, 97.7165, -23.8527, 1, 
-19.6117, -81.0667, -160.775, -4.98292, 97.7893, -24.3574, 1, 
-19.6946, -80.9886, -160.762, -5.011, 97.8623, -24.8632, 1, 
-19.7778, -80.9103, -160.75, -5.03914, 97.9355, -25.37, 1, 
-19.8611, -80.8319, -160.738, -5.06734, 98.0088, -25.8779, 1, 
-19.9446, -80.7533, -160.725, -5.0956, 98.0823, -26.3869, 1, 
-20.0283, -80.6745, -160.713, -5.12393, 98.1559, -26.897, 1, 
-20.1122, -80.5955, -160.701, -5.15231, 98.2297, -27.4082, 1, 
-20.1963, -80.5164, -160.688, -5.18077, 98.3037, -27.9206, 1, 
-20.2806, -80.437, -160.676, -5.20929, 98.3779, -28.4342, 1, 
-20.3651, -80.3575, -160.663, -5.23788, 98.4522, -28.949, 1, 
-20.4497, -80.2778, -160.651, -5.26653, 98.5267, -29.465, 1, 
-20.5346, -80.1979, -160.638, -5.29526, 98.6014, -29.9823, 1, 
-20.6198, -80.1177, -160.626, -5.32406, 98.6762, -30.5009, 1, 
-20.7051, -80.0374, -160.613, -5.35294, 98.7513, -31.0207, 1, 
-20.7906, -79.9569, -160.6, -5.38188, 98.8266, -31.5419, 1, 
-20.8764, -79.8761, -160.588, -5.41091, 98.902, -32.0645, 1, 
-20.9624, -79.7952, -160.575, -5.44001, 98.9777, -32.5885, 1, 
-21.0486, -79.714, -160.562, -5.4692, 99.0536, -33.1138, 1, 
-21.1351, -79.6326, -160.549, -5.49846, 99.1296, -33.6406, 1, 
-21.2218, -79.551, -160.537, -5.52781, 99.2059, -34.1689, 1, 
-21.3088, -79.4691, -160.524, -5.55724, 99.2824, -34.6987, 1, 
-21.396, -79.387, -160.511, -5.58675, 99.3592, -35.2299, 1, 
-21.4835, -79.3046, -160.498, -5.61636, 99.4362, -35.7628, 1, 
-21.5713, -79.222, -160.485, -5.64605, 99.5133, -36.2972, 1, 
-21.6593, -79.1392, -160.472, -5.67583, 99.5908, -36.8332, 1, 
-21.7476, -79.0561, -160.459, -5.70571, 99.6684, -37.3709, 1, 
-21.8361, -78.9727, -160.446, -5.73568, 99.7463, -37.9102, 1, 
-21.925, -78.8891, -160.433, -5.76574, 99.8245, -38.4512, 1, 
-22.0141, -78.8052, -160.419, -5.7959, 99.9029, -38.994, 1, 
-22.1035, -78.721, -160.406, -5.82617, 99.9816, -39.5385, 1, 
-22.1933, -78.6365, -160.393, -5.85653, 100.061, -40.0848, 1, 
-22.2833, -78.5518, -160.38, -5.887, 100.14, -40.633, 1, 
-22.3736, -78.4667, -160.366, -5.91757, 100.219, -41.183, 1, 
-22.4643, -78.3814, -160.353, -5.94824, 100.299, -41.7349, 1, 
-22.5553, -78.2958, -160.339, -5.97903, 100.379, -42.2887, 1, 
-22.6466, -78.2098, -160.326, -6.00993, 100.459, -42.8445, 1, 
-22.7382, -78.1235, -160.312, -6.04094, 100.54, -43.4023, 1, 
-22.8302, -78.037, -160.299, -6.07206, 100.621, -43.9621, 1, 
-22.9225, -77.9501, -160.285, -6.1033, 100.702, -44.5239, 1, 
-23.0151, -77.8628, -160.271, -6.13466, 100.784, -45.0879, 1, 
-23.1082, -77.7753, -160.258, -6.16614, 100.865, -45.654, 1, 
-23.2016, -77.6873, -160.244, -6.19774, 100.948, -46.2223, 1, 
-23.2953, -77.5991, -160.23, -6.22947, 101.03, -46.7928, 1, 
-23.3894, -77.5105, -160.216, -6.26132, 101.113, -47.3655, 1, 
-23.484, -77.4215, -160.202, -6.2933, 101.196, -47.9405, 1, 
-23.5788, -77.3322, -160.188, -6.32542, 101.28, -48.5178, 1, 
-23.6741, -77.2425, -160.174, -6.35766, 101.363, -49.0975, 1, 
-23.7698, -77.1524, -160.16, -6.39005, 101.448, -49.6796, 1, 
-23.8659, -77.0619, -160.146, -6.42256, 101.532, -50.2641, 1, 
-23.9624, -76.9711, -160.131, -6.45522, 101.617, -50.8511, 1, 
-24.0594, -76.8798, -160.117, -6.48803, 101.702, -51.4406, 1, 
-24.1567, -76.7882, -160.103, -6.52097, 101.788, -52.0326, 1, 
-24.2545, -76.6961, -160.088, -6.55406, 101.874, -52.6273, 1, 
-24.3527, -76.6037, -160.074, -6.5873, 101.96, -53.2245, 1, 
-24.4514, -76.5108, -160.059, -6.6207, 102.047, -53.8244, 1, 
-24.5506, -76.4175, -160.044, -6.65424, 102.134, -54.4271, 1, 
-24.6501, -76.3237, -160.03, -6.68794, 102.222, -55.0324, 1, 
-24.7502, -76.2295, -160.015, -6.7218, 102.31, -55.6406, 1, 
-24.8507, -76.1349, -160, -6.75582, 102.398, -56.2516, 1, 
-24.9517, -76.0398, -159.985, -6.79001, 102.487, -56.8654, 1, 
-25.0532, -75.9443, -159.97, -6.82435, 102.577, -57.4822, 1, 
-25.1552, -75.8482, -159.955, -6.85887, 102.666, -58.1018, 1, 
-25.2577, -75.7518, -159.94, -6.89355, 102.757, -58.7245, 1, 
-25.3607, -75.6548, -159.925, -6.92841, 102.847, -59.3502, 1, 
-25.4642, -75.5574, -159.909, -6.96344, 102.938, -59.979, 1, 
-25.5683, -75.4594, -159.894, -6.99864, 103.03, -60.6108, 1, 
-25.6728, -75.361, -159.879, -7.03403, 103.122, -61.2458, 1, 
-25.7779, -75.262, -159.863, -7.06959, 103.214, -61.884, 1, 
-25.8836, -75.1626, -159.847, -7.10534, 103.307, -62.5253, 1, 
-25.9898, -75.0626, -159.832, -7.14128, 103.401, -63.1699, 1, 
-26.0965, -74.9622, -159.816, -7.1774, 103.494, -63.8179, 1, 
-26.2038, -74.8611, -159.8, -7.21371, 103.589, -64.4691, 1, 
-26.3117, -74.7596, -159.784, -7.25022, 103.684, -65.1237, 1, 
-26.4201, -74.6575, -159.768, -7.28692, 103.779, -65.7816, 1, 
-26.5292, -74.5549, -159.752, -7.32381, 103.875, -66.443, 1, 
-26.6388, -74.4517, -159.736, -7.3609, 103.972, -67.1079, 1, 
-26.749, -74.348, -159.719, -7.39819, 104.068, -67.7762, 1, 
-26.8598, -74.2437, -159.703, -7.43569, 104.166, -68.448, 1, 
-26.9712, -74.1388, -159.687, -7.47339, 104.264, -69.1234, 1, 
-27.0832, -74.0334, -159.67, -7.51129, 104.362, -69.8024, 1, 
-27.1958, -73.9273, -159.653, -7.5494, 104.462, -70.4849, 1, 
-27.309, -73.8208, -159.637, -7.58772, 104.561, -71.1711, 1, 
-27.4229, -73.7136, -159.62, -7.62625, 104.661, -71.8609, 1, 
-27.5373, -73.6058, -159.603, -7.66499, 104.762, -72.5544, 1, 
-27.6524, -73.4975, -159.586, -7.70394, 104.863, -73.2516, 1, 
-27.7682, -73.3885, -159.569, -7.74311, 104.965, -73.9524, 1, 
-27.8846, -73.2789, -159.551, -7.78249, 105.068, -74.657, 1, 
-28.0016, -73.1688, -159.534, -7.82209, 105.17, -75.3653, 1, 
-28.1192, -73.058, -159.517, -7.8619, 105.274, -76.0774, 1, 
-28.2375, -72.9467, -159.499, -7.90194, 105.378, -76.7932, 1, 
-28.3565, -72.8347, -159.482, -7.94219, 105.483, -77.5127, 1, 
-28.4761, -72.7221, -159.464, -7.98266, 105.588, -78.236, 1, 
-28.5963, -72.6089, -159.446, -8.02335, 105.694, -78.963, 1, 
-28.7172, -72.4951, -159.428, -8.06426, 105.8, -79.6938, 1, 
-28.8387, -72.3807, -159.41, -8.10539, 105.907, -80.4283, 1, 
-28.9609, -72.2657, -159.392, -8.14673, 106.014, -81.1665, 1, 
-29.0837, -72.1501, -159.374, -8.18829, 106.122, -81.9085, 1, 
-29.2072, -72.0339, -159.356, -8.23008, 106.231, -82.6541, 1, 
-29.3313, -71.917, -159.338, -8.27207, 106.34, -83.4034, 1, 
-29.456, -71.7996, -159.319, -8.31428, 106.45, -84.1563, 1, 
-29.5814, -71.6816, -159.301, -8.35671, 106.56, -84.9128, 1, 
-29.7074, -71.563, -159.282, -8.39935, 106.671, -85.6729, 1, 
-29.834, -71.4438, -159.263, -8.4422, 106.783, -86.4365, 1, 
-29.9612, -71.324, -159.244, -8.48525, 106.894, -87.2036, 1, 
-30.089, -71.2037, -159.226, -8.52851, 107.007, -87.9741, 1, 
-30.2175, -71.0828, -159.207, -8.57198, 107.12, -88.748, 1, 
-30.3465, -70.9613, -159.188, -8.61564, 107.233, -89.5252, 1, 
-30.4761, -70.8393, -159.168, -8.65949, 107.347, -90.3056, 1, 
-30.6062, -70.7168, -159.149, -8.70354, 107.462, -91.0892, 1, 
-30.737, -70.5937, -159.13, -8.74778, 107.577, -91.8758, 1, 
-30.8682, -70.4701, -159.11, -8.7922, 107.692, -92.6655, 1, 
-31, -70.3461, -159.091, -8.8368, 107.808, -93.458, 1, 
-31.1323, -70.2215, -159.071, -8.88157, 107.925, -94.2533, 1, 
-31.2651, -70.0965, -159.052, -8.92651, 108.042, -95.0514, 1, 
-31.3984, -69.9711, -159.032, -8.97161, 108.159, -95.852, 1, 
-31.5321, -69.8452, -159.012, -9.01686, 108.276, -96.655, 1, 
-31.6663, -69.7189, -158.992, -9.06227, 108.394, -97.4604, 1, 
-31.8008, -69.5922, -158.973, -9.10781, 108.513, -98.268, 1, 
-31.9358, -69.4652, -158.953, -9.15348, 108.632, -99.0776, 1, 
-32.0711, -69.3377, -158.933, -9.19928, 108.751, -99.8892, 1, 
-32.2068, -69.21, -158.912, -9.2452, 108.87, -100.702, 1, 
-32.3428, -69.082, -158.892, -9.29122, 108.99, -101.517, 1, 
-32.4791, -68.9537, -158.872, -9.33734, 109.11, -102.334, 1, 
-32.6156, -68.8252, -158.852, -9.38355, 109.23, -103.151, 1, 
-32.7524, -68.6964, -158.832, -9.42983, 109.35, -103.97, 1, 
-32.8893, -68.5675, -158.812, -9.47618, 109.47, -104.789, 1, 
-33.0265, -68.4384, -158.791, -9.52258, 109.591, -105.609, 1, 
-33.1637, -68.3092, -158.771, -9.56903, 109.712, -106.43, 1, 
-33.301, -68.1799, -158.751, -9.6155, 109.833, -107.251, 1, 
-33.4384, -68.0506, -158.73, -9.662, 109.954, -108.072, 1, 
-33.5758, -67.9212, -158.71, -9.7085, 110.074, -108.892, 1, 
-33.7132, -67.7919, -158.69, -9.75499, 110.195, -109.713, 1, 
-33.8505, -67.6626, -158.669, -9.80146, 110.316, -110.532, 1, 
-33.9877, -67.5335, -158.649, -9.84789, 110.437, -111.351, 1, 
-34.1248, -67.4045, -158.629, -9.89427, 110.557, -112.169, 1, 
-34.2616, -67.2756, -158.609, -9.94058, 110.678, -112.985, 1, 
-34.3982, -67.147, -158.588, -9.98681, 110.798, -113.8, 1, 
-34.5346, -67.0187, -158.568, -10.0329, 110.918, -114.613, 1, 
-34.6706, -66.8907, -158.548, -10.079, 111.038, -115.423, 1, 
-34.8062, -66.763, -158.528, -10.1249, 111.157, -116.232, 1, 
-34.9413, -66.6358, -158.508, -10.1706, 111.276, -117.037, 1, 
-35.076, -66.509, -158.488, -10.2162, 111.394, -117.84, 1, 
-35.2102, -66.3827, -158.468, -10.2616, 111.512, -118.64, 1, 
-35.3438, -66.2569, -158.449, -10.3068, 111.63, -119.436, 1, 
-35.4768, -66.1317, -158.429, -10.3518, 111.747, -120.228, 1, 
-35.6091, -66.0072, -158.409, -10.3966, 111.863, -121.017, 1, 
-35.7406, -65.8834, -158.39, -10.4411, 111.979, -121.801, 1, 
-35.8714, -65.7603, -158.371, -10.4853, 112.094, -122.581, 1, 
-36.0013, -65.6379, -158.351, -10.5293, 112.208, -123.356, 1, 
-36.1304, -65.5164, -158.332, -10.573, 112.322, -124.126, 1, 
-36.2585, -65.3958, -158.313, -10.6164, 112.435, -124.891, 1, 
-36.3857, -65.2761, -158.295, -10.6594, 112.547, -125.651, 1, 
-36.5118, -65.1573, -158.276, -10.7021, 112.658, -126.405, 1, 
-36.6369, -65.0396, -158.258, -10.7444, 112.768, -127.152, 1, 
-36.7609, -64.9229, -158.239, -10.7863, 112.877, -127.894, 1, 
-36.8836, -64.8074, -158.221, -10.8279, 112.985, -128.629, 1, 
-37.0052, -64.6929, -158.203, -10.869, 113.092, -129.358, 1, 
-37.1255, -64.5797, -158.185, -10.9097, 113.197, -130.08, 1, 
-37.2445, -64.4677, -158.168, -10.95, 113.302, -130.794, 1, 
-37.3622, -64.3569, -158.15, -10.9898, 113.406, -131.502, 1, 
-37.4785, -64.2474, -158.133, -11.0292, 113.508, -132.202, 1, 
-37.5934, -64.1393, -158.116, -11.0681, 113.609, -132.894, 1, 
-37.7069, -64.0325, -158.099, -11.1064, 113.709, -133.578, 1, 
-37.8188, -63.9271, -158.083, -11.1443, 113.807, -134.255, 1, 
-37.9293, -63.8231, -158.066, -11.1817, 113.905, -134.923, 1, 
-38.0382, -63.7206, -158.05, -11.2186, 114, -135.583, 1, 
-38.1455, -63.6196, -158.035, -11.2549, 114.095, -136.235, 1, 
-38.2513, -63.5201, -158.019, -11.2906, 114.188, -136.878, 1, 
-38.3554, -63.4221, -158.004, -11.3259, 114.28, -137.512, 1, 
-38.4578, -63.3256, -157.988, -11.3605, 114.37, -138.137, 1, 
-38.5586, -63.2308, -157.973, -11.3946, 114.458, -138.753, 1, 
-38.6577, -63.1375, -157.959, -11.4282, 114.546, -139.36, 1, 
-38.7552, -63.0458, -157.944, -11.4611, 114.631, -139.958, 1, 
-38.8508, -62.9557, -157.93, -11.4935, 114.715, -140.546, 1, 
-38.9448, -62.8673, -157.916, -11.5253, 114.798, -141.125, 1, 
-39.0371, -62.7805, -157.903, -11.5565, 114.879, -141.695, 1, 
-39.1276, -62.6953, -157.889, -11.5871, 114.959, -142.255, 1, 
-39.2163, -62.6118, -157.876, -11.6172, 115.037, -142.805, 1, 
-39.3033, -62.5299, -157.863, -11.6466, 115.114, -143.345, 1, 
-39.3886, -62.4497, -157.851, -11.6754, 115.189, -143.876, 1, 
-39.4721, -62.3711, -157.838, -11.7037, 115.262, -144.397, 1, 
-39.5538, -62.2941, -157.826, -11.7314, 115.334, -144.908, 1, 
-39.6338, -62.2188, -157.815, -11.7584, 115.404, -145.41, 1, 
-39.7121, -62.1452, -157.803, -11.7849, 115.473, -145.901, 1, 
-39.7886, -62.0731, -157.792, -11.8108, 115.541, -146.383, 1, 
-39.8635, -62.0027, -157.781, -11.8361, 115.606, -146.855, 1, 
-39.9366, -61.9339, -157.77, -11.8608, 115.671, -147.317, 1, 
-40.008, -61.8667, -157.759, -11.885, 115.734, -147.769, 1, 
-40.0777, -61.8011, -157.749, -11.9086, 115.795, -148.211, 1, 
-40.1458, -61.737, -157.739, -11.9316, 115.855, -148.644, 1, 
-40.2122, -61.6745, -157.729, -11.9541, 115.913, -149.067, 1, 
-40.277, -61.6135, -157.719, -11.976, 115.97, -149.48, 1, 
-40.3402, -61.554, -157.71, -11.9974, 116.026, -149.884, 1, 
-40.4018, -61.4961, -157.701, -12.0183, 116.08, -150.279, 1, 
-40.4619, -61.4396, -157.692, -12.0386, 116.133, -150.664, 1, 
-40.5204, -61.3845, -157.684, -12.0583, 116.184, -151.039, 1, 
-40.5773, -61.3309, -157.675, -12.0776, 116.235, -151.406, 1, 
-40.6328, -61.2787, -157.667, -12.0964, 116.283, -151.763, 1, 
-40.6868, -61.2279, -157.659, -12.1146, 116.331, -152.112, 1, 
-40.7393, -61.1785, -157.651, -12.1324, 116.377, -152.451, 1, 
-40.7904, -61.1304, -157.644, -12.1497, 116.422, -152.782, 1, 
-40.8401, -61.0836, -157.636, -12.1665, 116.466, -153.104, 1, 
-40.8885, -61.0381, -157.629, -12.1829, 116.508, -153.418, 1, 
-40.9354, -60.9939, -157.622, -12.1988, 116.55, -153.723, 1, 
-40.9811, -60.9509, -157.615, -12.2142, 116.59, -154.021, 1, 
-41.0255, -60.9091, -157.609, -12.2292, 116.629, -154.31, 1, 
-41.0686, -60.8686, -157.603, -12.2438, 116.667, -154.591, 1, 
-41.1105, -60.8292, -157.596, -12.258, 116.704, -154.864, 1, 
-41.1512, -60.7909, -157.59, -12.2718, 116.739, -155.13, 1, 
-41.1906, -60.7537, -157.585, -12.2851, 116.774, -155.388, 1, 
-41.229, -60.7177, -157.579, -12.2981, 116.808, -155.639, 1, 
-41.2662, -60.6827, -157.573, -12.3107, 116.841, -155.882, 1, 
-41.3022, -60.6487, -157.568, -12.3229, 116.872, -156.119, 1, 
-41.3373, -60.6158, -157.563, -12.3347, 116.903, -156.349, 1, 
-41.3712, -60.5838, -157.558, -12.3462, 116.933, -156.572, 1, 
-41.4042, -60.5528, -157.553, -12.3573, 116.962, -156.788, 1, 
-41.4361, -60.5228, -157.548, -12.3682, 116.99, -156.998, 1, 
-41.4671, -60.4936, -157.544, -12.3786, 117.018, -157.202, 1, 
-41.4971, -60.4654, -157.539, -12.3888, 117.044, -157.4, 1, 
-41.5262, -60.438, -157.535, -12.3986, 117.07, -157.591, 1, 
-41.5544, -60.4114, -157.531, -12.4082, 117.094, -157.777, 1, 
-41.5818, -60.3857, -157.527, -12.4174, 117.118, -157.958, 1, 
-41.6082, -60.3608, -157.523, -12.4264, 117.142, -158.132, 1, 
-41.6339, -60.3366, -157.519, -12.4351, 117.164, -158.302, 1, 
-41.6588, -60.3132, -157.515, -12.4435, 117.186, -158.466, 1, 
-41.6828, -60.2906, -157.512, -12.4516, 117.207, -158.625, 1, 
-41.7061, -60.2686, -157.508, -12.4595, 117.228, -158.779, 1, 
-41.7287, -60.2474, -157.505, -12.4671, 117.248, -158.928, 1, 
-41.7506, -60.2268, -157.502, -12.4745, 117.267, -159.073, 1, 
-41.7718, -60.2069, -157.499, -12.4817, 117.286, -159.213, 1, 
-41.7923, -60.1876, -157.496, -12.4886, 117.304, -159.348, 1, 
-41.8121, -60.1689, -157.493, -12.4953, 117.321, -159.48, 1, 
-41.8313, -60.1509, -157.49, -12.5018, 117.338, -159.607, 1, 
-41.8499, -60.1334, -157.487, -12.5081, 117.354, -159.73, 1, 
-41.8679, -60.1164, -157.484, -12.5142, 117.37, -159.849, 1, 
-41.8853, -60.1, -157.482, -12.5201, 117.386, -159.965, 1, 
-41.9022, -60.0842, -157.479, -12.5258, 117.4, -160.076, 1, 
-41.9185, -60.0688, -157.477, -12.5313, 117.415, -160.184, 1, 
-41.9343, -60.054, -157.475, -12.5367, 117.429, -160.289, 1, 
-41.9495, -60.0396, -157.472, -12.5418, 117.442, -160.39, 1, 
-41.9643, -60.0257, -157.47, -12.5468, 117.455, -160.488, 1, 
-41.9786, -60.0123, -157.468, -12.5517, 117.468, -160.583, 1, 
-41.9924, -59.9993, -157.466, -12.5563, 117.48, -160.675, 1, 
-42.0058, -59.9867, -157.464, -12.5609, 117.492, -160.763, 1, 
-42.0187, -59.9745, -157.462, -12.5653, 117.503, -160.849, 1, 
-42.0313, -59.9627, -157.46, -12.5695, 117.514, -160.932, 1, 
-42.0434, -59.9513, -157.458, -12.5736, 117.525, -161.013, 1, 
-42.0551, -59.9403, -157.457, -12.5775, 117.535, -161.09, 1, 
-42.0664, -59.9296, -157.455, -12.5814, 117.545, -161.165, 1, 
-42.0773, -59.9193, -157.453, -12.5851, 117.555, -161.238, 1, 
-42.0879, -59.9094, -157.452, -12.5887, 117.564, -161.308, 1, 
-42.0982, -59.8997, -157.45, -12.5921, 117.573, -161.376, 1, 
-42.1081, -59.8904, -157.449, -12.5955, 117.582, -161.442, 1, 
-42.1177, -59.8814, -157.447, -12.5987, 117.59, -161.506, 1, 
-42.1269, -59.8727, -157.446, -12.6019, 117.598, -161.567, 1, 
-42.1359, -59.8643, -157.445, -12.6049, 117.606, -161.627, 1, 
-42.1445, -59.8561, -157.443, -12.6078, 117.614, -161.684, 1, 
-42.1529, -59.8482, -157.442, -12.6106, 117.621, -161.74, 1, 
-42.161, -59.8406, -157.441, -12.6134, 117.628, -161.794, 1, 
-42.1688, -59.8332, -157.44, -12.616, 117.635, -161.846, 1, 
-42.1764, -59.8261, -157.439, -12.6186, 117.642, -161.896, 1, 
-42.1837, -59.8192, -157.438, -12.6211, 117.648, -161.945, 1, 
-42.1908, -59.8126, -157.437, -12.6235, 117.654, -161.992, 1, 
-42.1976, -59.8061, -157.436, -12.6258, 117.66, -162.037, 1, 
-42.2043, -59.7999, -157.435, -12.628, 117.666, -162.081, 1, 
-42.2107, -59.7939, -157.434, -12.6302, 117.672, -162.123, 1, 
-42.2168, -59.7881, -157.433, -12.6323, 117.677, -162.165, 1, 
-42.2228, -59.7824, -157.432, -12.6343, 117.683, -162.204, 1, 
-42.2286, -59.777, -157.431, -12.6363, 117.688, -162.243, 1, 
-42.2342, -59.7717, -157.43, -12.6381, 117.693, -162.28, 1, 
-42.2396, -59.7667, -157.429, -12.64, 117.697, -162.316, 1, 
-42.2448, -59.7617, -157.429, -12.6417, 117.702, -162.35, 1, 
-42.2499, -59.757, -157.428, -12.6434, 117.706, -162.384, 1, 
-42.2547, -59.7524, -157.427, -12.6451, 117.711, -162.416, 1, 
-42.2595, -59.748, -157.426, -12.6467, 117.715, -162.448, 1, 
-42.264, -59.7437, -157.426, -12.6482, 117.719, -162.478, 1, 
-42.2684, -59.7395, -157.425, -12.6497, 117.723, -162.507, 1, 
-42.2727, -59.7355, -157.425, -12.6512, 117.726, -162.536, 1, 
-42.2768, -59.7316, -157.424, -12.6526, 117.73, -162.563, 1, 
-42.2808, -59.7279, -157.423, -12.6539, 117.734, -162.589, 1, 
-42.2846, -59.7243, -157.423, -12.6552, 117.737, -162.615, 1, 
-42.2883, -59.7208, -157.422, -12.6565, 117.74, -162.64, 1, 
-42.2919, -59.7174, -157.422, -12.6577, 117.743, -162.664, 1, 
-42.2954, -59.7141, -157.421, -12.6589, 117.746, -162.687, 1, 
-42.2988, -59.7109, -157.421, -12.66, 117.749, -162.709, 1, 
-42.302, -59.7079, -157.42, -12.6611, 117.752, -162.731, 1, 
-42.3052, -59.7049, -157.42, -12.6622, 117.755, -162.752, 1, 
-42.3082, -59.7021, -157.419, -12.6632, 117.758, -162.772, 1, 
-42.3111, -59.6993, -157.419, -12.6642, 117.76, -162.791, 1, 
-42.314, -59.6966, -157.418, -12.6651, 117.763, -162.81, 1, 
-42.3167, -59.6941, -157.418, -12.6661, 117.765, -162.828, 1, 
-42.3194, -59.6916, -157.418, -12.667, 117.767, -162.846, 1, 
-42.3219, -59.6892, -157.417, -12.6678, 117.77, -162.863, 1, 
-42.3244, -59.6868, -157.417, -12.6687, 117.772, -162.879, 1, 
-42.3268, -59.6846, -157.416, -12.6695, 117.774, -162.895, 1, 
-42.3291, -59.6824, -157.416, -12.6703, 117.776, -162.911, 1, 
-42.3313, -59.6803, -157.416, -12.671, 117.778, -162.925, 1, 
-42.3335, -59.6783, -157.415, -12.6717, 117.78, -162.94, 1, 
-42.3356, -59.6763, -157.415, -12.6725, 117.782, -162.954, 1, 
-42.3376, -59.6744, -157.415, -12.6731, 117.784, -162.967, 1, 
-42.3396, -59.6726, -157.415, -12.6738, 117.785, -162.98, 1, 
-42.3415, -59.6708, -157.414, -12.6744, 117.787, -162.993, 1, 
-42.3433, -59.6691, -157.414, -12.6751, 117.789, -163.005, 1, 
-42.345, -59.6674, -157.414, -12.6756, 117.79, -163.016, 1, 
-42.3467, -59.6658, -157.414, -12.6762, 117.792, -163.028, 1, 
-42.3484, -59.6642, -157.413, -12.6768, 117.793, -163.039, 1, 
-42.35, -59.6628, -157.413, -12.6773, 117.794, -163.049, 1, 
-42.3515, -59.6613, -157.413, -12.6778, 117.796, -163.06, 1, 
-42.353, -59.6599, -157.413, -12.6783, 117.797, -163.069, 1, 
-42.3544, -59.6586, -157.412, -12.6788, 117.798, -163.079, 1, 
-42.3558, -59.6572, -157.412, -12.6793, 117.8, -163.088, 1, 
-42.3558, -59.6572, -157.412, -12.6793, 117.8, -163.088, 0, 
-42.3558, -59.6572, -157.412, -12.6793, 117.8, -163.088, 0, 
-42.3558, -59.6572, -157.412, -12.6793, 117.8, -163.088, 0, 

